time,queue_main,queue_right,queue_avg,queue_max,delay_route_1,delay_route_2,delay_route_3,delay_avg_1,delay_avg_2,delay_max,speed
1,0.00,0.00,0.00,0.00,0.00,0.00,0.00,0.00,0.00,0.00,60.00
3,0.00,0.00,0.00,0.00,0.00,0.00,0.00,0.00,0.00,0.00,60.00
5,0.00,0.00,0.00,0.00,0.00,0.00,0.00,0.00,0.00,0.00,60.00
7,0.00,0.00,0.00,0.00,0.00,0.00,0.00,0.00,0.00,0.00,60.00
9,0.00,0.00,0.00,0.00,0.00,0.00,0.00,0.00,0.00,0.00,60.00
11,0.00,0.00,0.00,0.00,0.00,0.00,0.00,0.00,0.00,0.00,60.00
13,0.00,0.00,0.00,0.00,0.00,0.00,0.00,0.00,0.00,0.00,60.00
15,0.00,0.00,0.00,0.00,0.00,0.00,0.00,0.00,0.00,0.00,60.00
17,0.00,0.00,0.00,0.00,0.00,0.00,0.00,0.00,0.00,0.00,60.00
19,0.00,0.00,0.00,0.00,0.00,0.00,0.00,0.00,0.00,0.00,60.00
21,0.00,0.00,0.00,0.00,0.00,0.00,0.00,0.00,0.00,0.00,60.00
23,0.00,0.00,0.00,0.00,0.00,0.00,0.00,0.00,0.00,0.00,60.00
25,0.00,0.00,0.00,0.00,0.00,0.00,0.00,0.00,0.00,0.00,60.00
27,0.00,0.00,0.00,0.00,0.00,0.00,0.00,0.00,0.00,0.00,60.00
29,0.00,0.00,0.00,0.00,0.00,0.00,0.00,0.00,0.00,0.00,60.00
31,0.00,0.00,0.00,0.00,0.00,0.00,0.00,0.00,0.00,0.00,60.00
33,0.00,0.00,0.00,0.00,0.00,0.00,0.00,0.00,0.00,0.00,60.00
35,0.00,0.00,0.00,0.00,0.00,0.00,0.00,0.00,0.00,0.00,60.00
37,0.00,0.00,0.00,0.00,0.00,0.00,0.00,0.00,0.00,0.00,60.00
39,0.00,0.00,0.00,0.00,0.00,0.00,0.00,0.00,0.00,0.00,60.00
41,0.00,0.00,0.00,0.00,0.00,0.00,0.00,0.00,0.00,0.00,60.00
43,0.00,0.00,0.00,0.00,0.00,0.00,0.00,0.00,0.00,0.00,60.00
45,0.00,0.00,0.00,0.00,0.00,0.00,0.00,0.00,0.00,0.00,60.00
47,0.00,0.00,0.00,0.00,0.00,0.00,0.00,0.00,0.00,0.00,60.00
49,0.00,0.00,0.00,0.00,0.00,0.00,0.00,0.00,0.00,0.00,60.00
51,0.00,0.00,0.00,0.00,0.00,0.00,0.00,0.00,0.00,0.00,60.00
53,0.00,0.00,0.00,0.00,0.00,0.00,0.00,0.00,0.00,0.00,60.00
55,0.00,0.00,0.00,0.00,0.00,0.00,0.00,0.00,0.00,0.00,60.00
57,0.00,0.00,0.00,0.00,0.00,0.00,0.00,0.00,0.00,0.00,60.00
59,0.00,0.00,0.00,0.00,0.00,0.00,0.00,0.00,0.00,0.00,60.00
61,0.00,0.00,0.00,0.00,0.00,0.00,0.00,0.00,0.00,0.00,60.00
63,0.00,0.00,0.00,0.00,0.00,0.00,0.00,0.00,0.00,0.00,60.00
65,0.00,0.00,0.00,0.00,0.00,0.00,0.00,0.00,0.00,0.00,34.36
67,0.00,0.00,0.00,0.00,0.00,0.00,0.00,0.00,0.00,0.00,46.29
69,0.00,0.00,0.00,0.00,0.00,0.00,0.00,0.00,0.00,0.00,56.05
71,0.00,0.00,0.00,0.00,0.00,0.00,0.00,0.00,0.00,0.00,57.57
73,0.00,0.00,0.00,0.00,0.00,0.00,0.00,0.00,0.00,0.00,48.01
75,0.00,0.00,0.00,0.00,0.00,0.00,0.00,0.00,0.00,0.00,35.62
77,0.00,0.00,0.00,0.00,0.00,0.00,0.00,0.00,0.00,0.00,23.23
79,0.00,0.00,0.00,0.00,0.28,0.00,0.00,0.09,0.12,0.28,60.00
81,0.00,0.00,0.00,0.00,0.00,0.00,0.00,0.00,0.00,0.00,60.00
83,0.00,0.00,0.00,0.00,0.00,0.00,0.00,0.00,0.00,0.00,60.00
85,0.00,0.00,0.00,0.00,0.00,0.00,0.00,0.00,0.00,0.00,60.00
87,0.00,0.00,0.00,0.00,0.00,0.00,0.00,0.00,0.00,0.00,60.00
89,0.00,0.00,0.00,0.00,0.00,0.00,0.00,0.00,0.00,0.00,60.00
91,0.00,0.00,0.00,0.00,0.00,0.00,0.00,0.00,0.00,0.00,60.00
93,0.00,0.00,0.00,0.00,0.00,0.00,0.00,0.00,0.00,0.00,60.00
95,0.00,0.00,0.00,0.00,0.00,0.00,0.00,0.00,0.00,0.00,60.00
97,0.00,0.00,0.00,0.00,0.00,0.00,0.00,0.00,0.00,0.00,60.00
99,0.00,0.00,0.00,0.00,0.00,0.00,0.00,0.00,0.00,0.00,60.00
101,0.00,0.00,0.00,0.00,0.00,0.00,0.00,0.00,0.00,0.00,34.12
103,0.00,0.00,0.00,0.00,0.00,0.00,0.00,0.00,0.00,0.00,45.94
105,0.00,0.00,0.00,0.00,0.00,0.00,0.00,0.00,0.00,0.00,56.06
107,0.00,0.00,0.00,0.00,0.00,0.00,0.00,0.00,0.00,0.00,61.40
109,0.00,0.00,0.00,0.00,0.00,0.00,0.00,0.00,0.00,0.00,45.92
111,0.00,0.00,0.00,0.00,0.00,0.00,0.00,0.00,0.00,0.00,24.93
113,0.00,0.00,0.00,0.00,0.00,0.27,0.00,0.09,0.04,0.27,7.56
115,1.70,0.00,0.85,1.70,0.00,2.27,0.00,0.76,0.32,2.27,0.45
117,5.14,0.00,2.57,5.14,0.00,4.27,0.00,1.42,0.61,4.27,18.49
119,5.07,0.00,2.54,5.07,0.00,6.27,0.00,2.09,0.90,6.27,25.81
121,5.07,0.00,2.54,5.07,0.00,8.27,0.00,2.76,1.18,8.27,31.98
123,5.07,0.00,2.54,5.07,0.00,10.27,0.00,3.42,1.47,10.27,28.06
125,5.07,0.00,2.54,5.07,0.00,12.27,0.00,4.09,1.75,12.27,18.45
127,5.07,0.00,2.54,5.07,0.00,14.27,0.00,4.76,2.04,14.27,9.32
129,5.07,0.00,2.54,5.07,0.00,16.27,0.00,5.42,2.32,16.27,2.25
131,8.58,0.00,4.29,8.58,1.38,18.27,0.00,6.55,3.20,18.27,0.00
133,11.03,0.00,5.52,11.03,3.38,20.27,0.00,7.88,4.34,20.27,0.00
135,11.02,0.00,5.51,11.02,5.38,22.27,0.00,9.22,5.49,22.27,0.00
137,11.02,0.00,5.51,11.02,7.38,24.27,0.00,10.55,6.63,24.27,14.81
139,11.02,0.00,5.51,11.02,9.38,26.27,0.00,11.88,7.77,26.27,24.87
141,11.02,0.00,5.51,11.02,11.38,28.27,0.00,13.22,8.92,28.27,29.48
143,11.02,0.00,5.51,11.02,13.38,30.27,0.00,14.55,10.06,30.27,27.00
145,11.02,0.00,5.51,11.02,15.38,32.27,0.00,15.88,11.20,32.27,23.24
147,11.02,0.00,5.51,11.02,17.38,34.27,0.00,17.22,12.34,34.27,13.90
149,11.02,0.00,5.51,11.02,19.38,36.27,0.00,18.55,13.49,36.27,13.56
151,17.25,0.00,8.63,17.25,21.38,38.27,0.00,19.88,14.63,38.27,12.09
153,16.99,2.00,9.50,16.99,23.38,40.27,0.00,21.22,15.77,40.27,20.27
155,16.94,5.23,11.08,16.94,25.38,42.27,0.00,22.55,16.92,42.27,29.64
157,4.00,5.17,4.59,5.17,27.38,9.15,0.00,12.18,13.04,27.38,34.70
159,0.00,5.17,2.59,5.17,0.00,11.15,1.07,4.07,2.05,11.15,39.87
161,0.00,5.17,2.59,5.17,0.00,2.25,3.07,1.77,1.64,3.07,34.42
163,0.00,5.17,2.59,5.17,0.00,0.00,5.07,1.69,2.17,5.07,26.37
165,0.00,5.17,2.59,5.17,0.35,0.00,7.07,2.47,3.18,7.07,12.61
167,0.00,5.07,2.54,5.07,2.35,0.00,9.07,3.81,4.89,9.07,11.02
169,4.56,0.22,2.39,4.56,4.35,0.00,11.07,5.14,6.61,11.07,0.00
171,5.05,0.00,2.52,5.05,6.35,0.00,0.00,2.12,2.72,6.35,0.00
173,5.05,0.00,2.52,5.05,8.35,0.00,0.00,2.78,3.58,8.35,0.00
175,5.05,0.00,2.52,5.05,10.35,0.00,0.00,3.45,4.44,10.35,0.00
177,5.05,0.00,2.52,5.05,12.35,0.00,0.00,4.12,5.29,12.35,0.00
179,5.05,0.00,2.52,5.05,14.35,0.00,0.00,4.78,6.15,14.35,0.00
181,5.05,0.00,2.52,5.05,16.35,0.00,0.00,5.45,7.01,16.35,0.00
183,5.05,0.00,2.52,5.05,18.35,0.00,0.00,6.12,7.86,18.35,0.00
185,5.05,0.00,2.52,5.05,20.35,0.00,0.00,6.78,8.72,20.35,0.00
187,5.05,0.00,2.52,5.05,22.35,0.00,0.00,7.45,9.58,22.35,0.00
189,5.05,0.00,2.52,5.05,24.35,0.00,0.00,8.12,10.44,24.35,0.00
191,5.05,0.00,2.52,5.05,26.35,0.00,0.00,8.78,11.29,26.35,0.00
193,5.05,0.00,2.52,5.05,28.35,0.00,0.00,9.45,12.15,28.35,0.00
195,5.05,0.00,2.52,5.05,30.35,0.00,0.00,10.12,13.01,30.35,0.00
197,4.27,0.00,2.13,4.27,32.35,0.00,0.00,10.78,13.86,32.35,60.00
199,0.00,0.00,0.00,0.00,0.00,0.00,0.00,0.00,0.00,0.00,35.38
201,0.00,0.00,0.00,0.00,0.00,0.00,0.00,0.00,0.00,0.00,45.83
203,0.00,0.00,0.00,0.00,0.00,0.00,0.00,0.00,0.00,0.00,54.97
205,0.00,0.00,0.00,0.00,0.00,0.00,0.00,0.00,0.00,0.00,49.61
207,0.00,0.00,0.00,0.00,0.00,0.00,0.00,0.00,0.00,0.00,42.49
209,0.00,0.00,0.00,0.00,0.00,0.00,0.00,0.00,0.00,0.00,44.74
211,0.00,0.00,0.00,0.00,0.00,0.00,0.00,0.00,0.00,0.00,42.54
213,0.00,0.00,0.00,0.00,0.33,0.00,0.00,0.11,0.14,0.33,47.02
215,0.00,0.00,0.00,0.00,0.00,0.00,0.00,0.00,0.00,0.00,43.92
217,0.00,0.00,0.00,0.00,0.00,0.00,0.00,0.00,0.00,0.00,43.15
219,0.00,0.00,0.00,0.00,1.40,0.35,0.00,0.58,0.65,1.40,39.00
221,0.00,0.00,0.00,0.00,0.00,2.35,0.00,0.78,0.34,2.35,36.60
223,0.00,0.00,0.00,0.00,1.78,0.00,0.00,0.59,0.76,1.78,25.56
225,0.00,0.00,0.00,0.00,1.34,0.00,0.00,0.45,0.58,1.34,60.00
227,0.00,0.00,0.00,0.00,0.00,0.00,0.00,0.00,0.00,0.00,58.42
229,0.00,0.00,0.00,0.00,0.00,0.00,0.00,0.00,0.00,0.00,58.42
231,0.00,0.00,0.00,0.00,0.00,0.00,0.00,0.00,0.00,0.00,58.42
233,0.00,0.00,0.00,0.00,0.00,0.00,0.00,0.00,0.00,0.00,40.97
235,0.00,0.00,0.00,0.00,0.00,0.00,0.00,0.00,0.00,0.00,42.01
237,0.00,0.00,0.00,0.00,0.00,0.00,0.00,0.00,0.00,0.00,38.14
239,0.00,0.00,0.00,0.00,0.50,0.00,0.00,0.17,0.21,0.50,30.55
241,3.92,0.00,1.96,3.92,2.50,0.00,0.00,0.83,1.07,2.50,21.47
243,5.23,0.00,2.62,5.23,4.50,0.00,0.00,1.50,1.93,4.50,12.05
245,5.23,0.00,2.61,5.23,6.50,0.00,0.00,2.17,2.78,6.50,4.05
247,6.90,0.00,3.45,6.90,8.50,0.00,0.00,2.83,3.64,8.50,0.32
249,11.35,0.00,5.67,11.35,10.50,0.00,0.00,3.50,4.50,10.50,0.00
251,11.25,0.00,5.63,11.25,12.50,0.00,0.00,4.17,5.36,12.50,0.00
253,11.25,0.00,5.63,11.25,14.50,0.00,0.00,4.83,6.21,14.50,0.00
255,11.25,0.00,5.63,11.25,16.50,0.00,0.00,5.50,7.07,16.50,0.00
257,11.25,0.00,5.63,11.25,18.50,0.00,0.00,6.17,7.93,18.50,10.82
259,11.25,0.00,5.63,11.25,20.50,0.00,0.00,6.83,8.78,20.50,25.20
261,7.58,0.00,3.79,7.58,14.32,0.00,0.00,4.77,6.14,14.32,38.88
263,0.00,0.00,0.00,0.00,16.32,0.00,0.00,5.44,6.99,16.32,48.24
265,0.00,0.00,0.00,0.00,0.00,0.00,0.00,0.00,0.00,0.00,55.13
267,0.00,0.00,0.00,0.00,0.00,0.00,0.00,0.00,0.00,0.00,48.65
269,0.00,0.00,0.00,0.00,0.00,0.00,0.00,0.00,0.00,0.00,31.72
271,0.00,0.00,0.00,0.00,0.00,0.00,0.00,0.00,0.00,0.00,28.07
273,0.00,0.00,0.00,0.00,1.27,0.00,1.93,1.06,1.37,1.93,30.16
275,0.00,4.53,2.26,4.53,0.00,0.00,3.93,1.31,1.68,3.93,37.93
277,0.00,4.75,2.37,4.75,0.00,0.00,5.93,1.98,2.54,5.93,41.67
279,0.00,4.75,2.37,4.75,0.00,0.00,7.93,2.64,3.40,7.93,41.55
281,0.00,4.75,2.37,4.75,0.00,0.00,9.93,3.31,4.26,9.93,37.38
283,0.00,4.75,2.37,4.75,0.25,0.00,11.93,4.06,5.22,11.93,35.29
285,0.00,4.75,2.37,4.75,0.00,0.00,13.93,4.64,5.97,13.93,27.87
287,0.00,7.04,3.52,7.04,1.12,0.00,15.93,5.68,7.30,15.93,22.95
289,0.00,10.83,5.41,10.83,0.00,0.00,17.93,5.98,7.68,17.93,24.21
291,0.00,16.93,8.46,16.93,0.00,0.00,19.93,6.64,8.54,19.93,23.83
293,0.00,20.94,10.47,20.94,0.00,0.00,7.01,2.34,3.00,7.01,29.32
295,0.00,6.04,3.02,6.04,0.00,0.00,7.12,2.37,3.05,7.12,35.02
297,0.00,0.00,0.00,0.00,0.67,0.00,4.79,1.82,2.34,4.79,38.90
299,0.00,0.00,0.00,0.00,2.67,0.00,6.79,3.16,4.06,6.79,29.49
301,7.34,0.00,3.67,7.34,4.67,0.00,3.40,2.69,3.46,4.67,26.01
303,10.62,0.00,5.31,10.62,6.67,0.00,0.00,2.22,2.86,6.67,26.45
305,10.56,0.00,5.28,10.56,8.67,0.00,0.00,2.89,3.72,8.67,27.61
307,15.29,0.00,7.65,15.29,10.67,0.00,0.00,3.56,4.57,10.67,27.30
309,16.52,0.00,8.26,16.52,12.67,0.00,0.00,4.22,5.43,12.67,22.66
311,16.51,0.00,8.26,16.51,14.67,0.00,0.00,4.89,6.29,14.67,12.58
313,16.51,0.00,8.26,16.51,16.67,0.00,0.15,5.61,7.21,16.67,4.53
315,16.51,5.08,10.80,16.51,18.67,0.00,2.15,6.94,8.92,18.67,0.67
317,16.51,11.16,13.84,16.51,20.67,0.00,4.15,8.27,10.64,20.67,1.68
319,13.52,12.34,12.93,13.52,13.34,0.00,6.15,6.50,8.35,13.34,12.43
321,0.00,12.33,6.17,12.33,15.34,0.00,8.15,7.83,10.07,15.34,17.98
323,0.00,12.33,6.17,12.33,17.34,0.00,10.15,9.16,11.78,17.34,23.22
325,0.00,12.33,6.17,12.33,0.00,0.00,12.15,4.05,5.21,12.15,28.09
327,0.00,12.33,6.17,12.33,0.00,0.00,14.15,4.72,6.06,14.15,29.32
329,0.00,12.33,6.17,12.33,0.00,0.00,16.15,5.38,6.92,16.15,26.73
331,0.00,12.33,6.17,12.33,0.00,0.18,18.15,6.11,7.80,18.15,20.89
333,0.00,12.33,6.17,12.33,0.00,2.18,20.15,7.44,8.95,20.15,22.52
335,0.00,12.33,6.17,12.33,0.00,4.18,22.15,8.77,10.09,22.15,22.92
337,0.00,12.33,6.17,12.33,1.26,0.00,24.15,8.47,10.89,24.15,20.44
339,0.00,15.45,7.72,15.45,0.00,0.00,26.15,8.72,11.21,26.15,22.52
341,0.00,19.68,9.84,19.68,0.00,0.00,28.15,9.38,12.06,28.15,20.45
343,0.00,19.64,9.82,19.64,0.00,0.00,30.15,10.05,12.92,30.15,17.30
345,0.00,19.63,9.82,19.63,0.00,0.00,32.15,10.72,13.78,32.15,14.03
347,0.61,10.44,5.52,10.44,0.39,0.97,33.83,11.73,14.80,33.83,19.47
349,11.16,0.00,5.58,11.16,2.39,2.97,11.72,5.69,6.47,11.72,18.65
351,12.65,0.00,6.33,12.65,4.39,4.97,0.00,3.12,2.59,4.97,19.28
353,12.65,0.00,6.33,12.65,6.39,6.97,0.00,4.45,3.73,6.97,18.12
355,12.65,0.00,6.33,12.65,8.39,8.97,0.00,5.78,4.87,8.97,11.54
357,12.65,0.00,6.33,12.65,10.39,10.97,0.00,7.12,6.02,10.97,12.22
359,12.65,0.00,6.33,12.65,12.39,12.97,0.00,8.45,7.16,12.97,16.16
361,17.61,0.00,8.81,17.61,14.39,14.97,0.00,9.78,8.30,14.97,19.77
363,18.93,0.00,9.46,18.93,16.39,16.97,0.00,11.12,9.45,16.97,21.12
365,18.93,0.00,9.46,18.93,18.39,18.97,0.00,12.45,10.59,18.97,17.78
367,18.93,0.00,9.46,18.93,20.39,20.97,0.00,13.78,11.73,20.97,10.82
369,18.93,0.00,9.46,18.93,22.39,22.97,0.00,15.12,12.87,22.97,3.81
371,24.56,0.00,12.28,24.56,24.39,24.97,0.00,16.45,14.02,24.97,0.50
373,31.53,0.00,15.76,31.53,26.39,26.97,0.00,17.78,15.16,26.97,1.07
375,32.67,0.00,16.34,32.67,28.39,28.97,0.00,19.12,16.30,28.97,9.24
377,32.66,0.00,16.33,32.66,17.02,30.97,0.00,15.99,11.72,30.97,11.51
379,32.07,0.00,16.04,32.07,19.02,32.97,0.00,17.33,12.86,32.97,13.17
381,30.29,0.00,15.15,30.29,21.02,34.97,0.00,18.66,14.00,34.97,12.06
383,27.63,0.00,13.82,27.63,23.02,36.97,0.00,19.99,15.15,36.97,6.66
385,26.10,0.00,13.05,26.10,25.02,38.97,0.00,21.33,16.29,38.97,2.66
387,26.03,0.00,13.01,26.03,27.02,40.97,0.00,22.66,17.43,40.97,0.32
389,32.28,0.00,16.14,32.28,29.02,42.97,0.00,23.99,18.57,42.97,6.74
391,32.34,0.00,16.17,32.34,31.02,44.97,0.00,25.33,19.72,44.97,9.20
393,32.34,0.00,16.17,32.34,33.02,46.97,0.00,26.66,20.86,46.97,14.18
395,32.34,0.00,16.17,32.34,35.02,48.97,0.00,27.99,22.00,48.97,19.38
397,32.33,0.00,16.16,32.33,37.02,29.01,0.00,22.01,20.01,37.02,23.05
399,18.89,0.00,9.44,18.89,25.55,31.01,0.00,18.85,15.38,31.01,18.33
401,0.00,0.00,0.00,0.00,27.55,0.00,0.48,9.34,12.01,27.55,7.05
403,4.49,0.00,2.24,4.49,29.55,0.00,2.48,10.68,13.73,29.55,0.72
405,11.89,0.00,5.95,11.89,31.55,0.00,0.00,10.52,13.52,31.55,13.75
407,11.62,0.00,5.81,11.62,33.55,0.00,0.00,11.18,14.38,33.55,17.17
409,11.62,0.00,5.81,11.62,35.55,0.00,0.00,11.85,15.24,35.55,20.21
411,11.62,0.00,5.81,11.62,37.55,0.00,0.00,12.52,16.09,37.55,29.10
413,11.62,0.00,5.81,11.62,39.55,0.00,0.00,13.18,16.95,39.55,25.85
415,11.62,0.00,5.81,11.62,41.55,0.00,0.00,13.85,17.81,41.55,20.61
417,11.62,0.00,5.81,11.62,43.55,0.28,0.00,14.61,18.70,43.55,18.98
419,15.86,0.00,7.93,15.86,45.55,2.28,0.00,15.94,19.85,45.55,18.61
421,18.27,0.00,9.13,18.27,47.55,4.28,0.00,17.28,20.99,47.55,19.54
423,18.25,0.00,9.13,18.25,49.55,6.28,1.06,18.96,22.59,49.55,20.31
425,18.25,5.41,11.83,18.25,51.55,8.28,3.06,20.96,24.59,51.55,21.71
427,18.21,5.71,11.96,18.21,53.55,10.28,5.06,22.96,26.59,53.55,28.42
429,6.87,5.71,6.29,6.87,42.22,12.28,7.06,20.52,22.87,42.22,26.76
431,0.63,5.71,3.17,5.71,0.74,14.28,9.06,8.02,6.24,14.28,22.17
433,11.92,5.71,8.81,11.92,2.74,16.28,11.06,10.02,8.24,16.28,17.57
435,18.88,5.71,12.29,18.88,4.74,18.28,13.06,12.02,10.24,18.28,13.18
437,18.70,8.85,13.77,18.70,6.74,20.28,15.06,14.02,12.24,20.28,10.63
439,18.70,12.22,15.46,18.70,8.74,22.28,17.06,16.02,14.24,22.28,6.82
441,18.70,16.71,17.70,18.70,10.74,24.28,19.06,18.02,16.24,24.28,4.60
443,18.64,17.85,18.25,18.64,12.74,26.28,21.06,20.02,18.24,26.28,5.69
445,6.17,17.85,12.01,17.85,14.74,0.00,23.06,12.60,16.20,23.06,7.73
447,0.00,17.85,8.92,17.85,14.45,0.00,25.06,13.17,16.93,25.06,12.01
449,0.00,17.85,8.92,17.85,4.07,0.00,27.06,10.38,13.34,27.06,17.96
451,0.00,17.85,8.92,17.85,0.00,0.00,29.06,9.69,12.45,29.06,26.03
453,0.00,17.75,8.87,17.75,0.00,0.00,31.06,10.35,13.31,31.06,35.81
455,0.00,5.77,2.89,5.77,0.00,0.00,21.48,7.16,9.21,21.48,40.68
457,0.00,0.00,0.00,0.00,0.00,0.00,18.14,6.05,7.77,18.14,46.16
459,0.00,0.00,0.00,0.00,0.00,0.00,0.00,0.00,0.00,0.00,33.05
461,0.00,0.00,0.00,0.00,0.00,0.00,1.63,0.54,0.70,1.63,14.65
463,0.00,0.00,0.00,0.00,1.70,0.00,0.00,0.57,0.73,1.70,2.16
465,4.57,0.00,2.29,4.57,3.70,0.00,0.00,1.23,1.58,3.70,0.00
467,5.08,0.00,2.54,5.08,5.70,0.00,0.00,1.90,2.44,5.70,0.00
469,5.08,0.00,2.54,5.08,7.70,0.00,0.00,2.57,3.30,7.70,0.00
471,5.08,0.00,2.54,5.08,9.70,0.00,0.00,3.23,4.16,9.70,0.00
473,4.53,0.00,2.27,4.53,11.70,0.00,0.00,3.90,5.01,11.70,27.81
475,0.00,0.00,0.00,0.00,0.00,0.00,0.00,0.00,0.00,0.00,40.34
477,0.00,0.00,0.00,0.00,0.00,0.00,0.00,0.00,0.00,0.00,50.95
479,0.00,0.00,0.00,0.00,0.00,0.00,0.00,0.00,0.00,0.00,60.29
481,0.00,0.00,0.00,0.00,0.00,0.00,0.00,0.00,0.00,0.00,57.46
483,0.00,0.00,0.00,0.00,0.00,0.00,0.00,0.00,0.00,0.00,36.12
485,0.00,0.00,0.00,0.00,0.00,0.00,0.00,0.00,0.00,0.00,23.93
487,0.00,0.00,0.00,0.00,0.00,1.26,0.00,0.42,0.18,1.26,45.85
489,0.00,0.00,0.00,0.00,0.00,3.26,0.00,1.09,0.47,3.26,43.76
491,0.00,0.00,0.00,0.00,0.00,0.00,0.00,0.00,0.00,0.00,52.05
493,0.00,0.00,0.00,0.00,0.00,0.00,0.00,0.00,0.00,0.00,47.46
495,0.00,0.00,0.00,0.00,0.00,0.00,0.00,0.00,0.00,0.00,48.46
497,0.00,0.00,0.00,0.00,0.00,0.00,0.00,0.00,0.00,0.00,54.82
499,0.00,0.00,0.00,0.00,0.00,0.00,0.31,0.10,0.13,0.31,49.74
501,0.00,0.00,0.00,0.00,0.00,0.00,0.00,0.00,0.00,0.00,51.00
503,0.00,0.00,0.00,0.00,0.00,0.00,0.79,0.26,0.34,0.79,40.33
505,0.00,0.00,0.00,0.00,0.00,0.00,0.00,0.00,0.00,0.00,60.00
507,0.00,0.00,0.00,0.00,0.00,0.00,0.92,0.31,0.39,0.92,60.00
509,0.00,0.00,0.00,0.00,0.00,0.00,0.00,0.00,0.00,0.00,60.00
511,0.00,0.00,0.00,0.00,0.00,0.00,0.00,0.00,0.00,0.00,60.00
513,0.00,0.00,0.00,0.00,0.00,0.00,0.00,0.00,0.00,0.00,60.00
515,0.00,0.00,0.00,0.00,0.00,0.00,0.00,0.00,0.00,0.00,60.00
517,0.00,0.00,0.00,0.00,0.00,0.00,0.00,0.00,0.00,0.00,60.00
519,0.00,0.00,0.00,0.00,0.00,0.00,0.00,0.00,0.00,0.00,60.00
521,0.00,0.00,0.00,0.00,0.00,0.00,0.00,0.00,0.00,0.00,31.70
523,0.00,0.00,0.00,0.00,0.00,0.00,0.00,0.00,0.00,0.00,44.15
525,0.00,0.00,0.00,0.00,0.00,0.00,0.00,0.00,0.00,0.00,54.70
527,0.00,0.00,0.00,0.00,0.00,0.00,0.00,0.00,0.00,0.00,58.16
529,0.00,0.00,0.00,0.00,0.00,0.00,0.00,0.00,0.00,0.00,46.67
531,0.00,0.00,0.00,0.00,0.00,0.00,0.00,0.00,0.00,0.00,34.32
533,0.00,0.00,0.00,0.00,0.00,0.00,0.00,0.00,0.00,0.00,21.96
535,0.00,0.00,0.00,0.00,1.05,0.00,0.00,0.35,0.45,1.05,60.00
537,0.00,0.00,0.00,0.00,0.00,0.00,0.00,0.00,0.00,0.00,29.85
539,0.00,0.00,0.00,0.00,0.00,0.00,0.00,0.00,0.00,0.00,43.46
541,0.00,0.00,0.00,0.00,0.00,0.00,0.00,0.00,0.00,0.00,54.95
543,0.00,0.00,0.00,0.00,0.00,0.00,0.00,0.00,0.00,0.00,64.20
545,0.00,0.00,0.00,0.00,0.00,0.00,0.00,0.00,0.00,0.00,52.86
547,0.00,0.00,0.00,0.00,0.00,0.00,0.00,0.00,0.00,0.00,39.51
549,0.00,0.00,0.00,0.00,0.00,0.00,0.00,0.00,0.00,0.00,44.84
551,0.00,0.00,0.00,0.00,0.00,0.00,0.64,0.21,0.28,0.64,51.88
553,0.00,0.00,0.00,0.00,0.00,0.00,0.00,0.00,0.00,0.00,53.13
555,0.00,0.00,0.00,0.00,0.00,0.00,0.00,0.00,0.00,0.00,54.36
557,0.00,0.00,0.00,0.00,0.00,0.00,0.00,0.00,0.00,0.00,44.92
559,0.00,0.00,0.00,0.00,0.00,0.00,0.00,0.00,0.00,0.00,29.30
561,0.00,1.84,0.92,1.84,0.00,0.00,1.64,0.55,0.70,1.64,15.67
563,0.00,9.51,4.76,9.51,0.00,0.00,3.64,1.21,1.56,3.64,8.06
565,0.00,18.67,9.34,18.67,1.17,0.00,5.64,2.27,2.92,5.64,9.26
567,0.48,18.41,9.44,18.41,3.17,0.00,7.64,3.60,4.63,7.64,9.48
569,3.16,18.41,10.78,18.41,5.17,0.00,9.64,4.94,6.35,9.64,16.38
571,0.00,18.41,9.20,18.41,0.00,0.00,11.64,3.88,4.99,11.64,19.40
573,0.00,18.41,9.20,18.41,0.00,0.00,13.64,4.55,5.84,13.64,22.08
575,0.00,18.41,9.20,18.41,0.00,0.00,15.64,5.21,6.70,15.64,23.17
577,0.00,18.41,9.20,18.41,0.00,0.00,17.64,5.88,7.56,17.64,20.55
579,0.00,18.41,9.20,18.41,1.46,0.00,19.64,7.03,9.04,19.64,16.54
581,0.00,18.41,9.20,18.41,0.00,0.00,21.64,7.21,9.27,21.64,13.35
583,0.00,18.41,9.20,18.41,1.86,0.00,23.64,8.50,10.93,23.64,8.15
585,0.00,18.41,9.20,18.41,0.00,0.00,25.64,8.55,10.99,25.64,0.00
587,0.00,18.41,9.20,18.41,1.26,0.00,27.64,9.63,12.38,27.64,0.00
589,0.00,18.41,9.20,18.41,0.00,0.00,29.64,9.88,12.70,29.64,0.00
591,0.00,18.41,9.20,18.41,0.00,0.00,31.64,10.55,13.56,31.64,0.00
593,0.00,18.41,9.20,18.41,0.00,0.00,33.64,11.21,14.42,33.64,13.13
595,0.00,18.33,9.17,18.33,0.00,0.00,35.64,11.88,15.27,35.64,30.39
597,0.00,5.19,2.59,5.19,0.00,0.00,35.58,11.86,15.25,35.58,40.01
599,0.00,0.00,0.00,0.00,0.00,0.00,36.12,12.04,15.48,36.12,55.61
601,0.00,0.00,0.00,0.00,0.00,0.00,0.00,0.00,0.00,0.00,52.85
603,0.00,0.00,0.00,0.00,0.00,0.00,0.00,0.00,0.00,0.00,42.54
605,0.00,0.00,0.00,0.00,0.00,0.00,0.00,0.00,0.00,0.00,27.41
607,0.29,0.00,0.14,0.29,0.00,1.07,0.00,0.36,0.15,1.07,20.63
609,5.15,0.00,2.58,5.15,0.00,3.07,0.00,1.02,0.44,3.07,19.30
611,10.90,0.00,5.45,10.90,0.00,5.07,0.00,1.69,0.72,5.07,21.35
613,10.95,0.00,5.48,10.95,0.00,7.07,0.00,2.36,1.01,7.07,18.19
615,10.95,0.00,5.48,10.95,0.00,9.07,0.00,3.02,1.30,9.07,15.76
617,10.95,0.00,5.48,10.95,0.00,11.07,0.45,3.84,1.77,11.07,16.74
619,10.95,0.28,5.62,10.95,0.00,13.07,2.45,5.17,2.92,13.07,17.91
621,10.95,4.91,7.93,10.95,0.00,15.07,4.45,6.51,4.06,15.07,20.67
623,10.95,4.71,7.83,10.95,0.00,17.07,6.45,7.84,5.20,17.07,20.31
625,10.95,4.71,7.83,10.95,0.00,19.07,8.45,9.17,6.34,19.07,14.91
627,10.95,4.71,7.83,10.95,0.00,21.07,10.45,10.51,7.49,21.07,6.63
629,12.48,4.71,8.59,12.48,0.88,23.07,12.45,12.13,9.01,23.07,1.32
631,20.94,4.71,12.82,20.94,2.88,25.07,14.45,14.13,11.01,25.07,0.01
633,23.97,4.71,14.34,23.97,4.88,27.07,16.45,16.13,13.01,27.07,4.83
635,23.94,4.71,14.33,23.94,6.88,29.07,18.45,18.13,15.01,29.07,8.16
637,23.94,4.71,14.33,23.94,8.88,31.07,20.45,20.13,17.01,31.07,11.20
639,23.59,4.71,14.15,23.59,10.88,32.41,22.45,21.91,18.91,32.41,16.68
641,3.31,4.71,4.01,4.71,12.88,0.00,24.45,12.44,16.00,24.45,18.49
643,0.00,4.63,2.31,4.63,16.00,0.00,26.45,14.15,18.19,26.45,25.61
645,3.93,0.20,2.07,3.93,18.00,0.00,28.45,15.48,19.91,28.45,27.57
647,4.62,0.00,2.31,4.62,20.00,0.00,17.82,12.61,16.21,20.00,24.36
649,4.62,0.00,2.31,4.62,22.00,0.00,19.82,13.94,17.92,22.00,22.22
651,9.38,0.00,4.69,9.38,24.00,0.00,21.82,15.27,19.64,24.00,16.27
653,11.56,0.00,5.78,11.56,26.00,0.00,23.82,16.61,21.35,26.00,9.65
655,11.55,0.00,5.78,11.55,28.00,0.00,25.82,17.94,23.07,28.00,3.81
657,11.89,0.00,5.94,11.89,30.00,0.00,27.82,19.27,24.78,30.00,0.43
659,17.57,0.00,8.79,17.57,32.00,0.00,29.82,20.61,26.50,32.00,0.00
661,17.34,0.00,8.67,17.34,34.00,0.00,31.82,21.94,28.21,34.00,0.00
663,17.34,0.00,8.67,17.34,36.00,0.00,33.82,23.27,29.92,36.00,9.39
665,17.34,0.00,8.67,17.34,38.00,0.00,35.82,24.61,31.64,38.00,16.11
667,17.34,0.00,8.67,17.34,40.00,0.00,37.82,25.94,33.35,40.00,23.19
669,17.31,0.00,8.65,17.31,21.67,0.00,39.82,20.50,26.35,39.82,31.23
671,6.59,0.00,3.29,6.59,23.67,0.00,41.82,21.83,28.07,41.82,36.20
673,0.00,0.00,0.00,0.00,16.31,0.00,43.82,20.04,25.77,43.82,41.51
675,0.00,0.00,0.00,0.00,0.00,0.00,45.82,15.27,19.64,45.82,38.33
677,0.00,0.00,0.00,0.00,1.67,0.00,47.82,16.50,21.21,47.82,39.77
679,0.00,0.00,0.00,0.00,0.81,0.00,49.82,16.88,21.70,49.82,29.01
681,0.00,0.00,0.00,0.00,2.81,0.00,51.82,18.21,23.42,51.82,30.94
683,0.00,0.00,0.00,0.00,1.95,0.00,53.82,18.59,23.90,53.82,45.36
685,0.00,0.00,0.00,0.00,0.00,0.00,55.82,18.61,23.92,55.82,53.63
687,0.00,0.00,0.00,0.00,0.00,0.00,57.82,19.27,24.78,57.82,59.75
689,0.00,0.00,0.00,0.00,0.00,0.00,59.82,19.94,25.64,59.82,44.92
691,0.00,0.00,0.00,0.00,0.00,0.00,61.82,20.61,26.50,61.82,33.66
693,0.00,0.00,0.00,0.00,0.00,0.00,63.82,21.27,27.35,63.82,60.00
695,0.00,0.00,0.00,0.00,0.00,0.00,0.00,0.00,0.00,0.00,30.81
697,0.00,0.00,0.00,0.00,0.00,0.00,0.00,0.00,0.00,0.00,41.57
699,0.00,0.00,0.00,0.00,0.00,0.00,0.00,0.00,0.00,0.00,47.64
701,0.00,0.00,0.00,0.00,0.00,0.00,0.00,0.00,0.00,0.00,53.27
703,0.00,0.00,0.00,0.00,0.00,0.00,0.00,0.00,0.00,0.00,55.68
705,0.00,0.00,0.00,0.00,0.00,0.00,0.00,0.00,0.00,0.00,53.48
707,0.00,0.00,0.00,0.00,0.00,0.00,0.00,0.00,0.00,0.00,44.29
709,0.00,0.00,0.00,0.00,0.00,0.00,0.50,0.17,0.22,0.50,29.84
711,0.00,4.43,2.22,4.43,0.00,0.00,2.50,0.83,1.07,2.50,22.79
713,0.00,5.54,2.77,5.54,1.39,0.00,4.50,1.96,2.53,4.50,13.38
715,0.00,5.54,2.77,5.54,1.22,0.00,6.50,2.57,3.31,6.50,0.00
717,0.00,5.54,2.77,5.54,1.66,0.00,8.50,3.39,4.36,8.50,0.00
719,0.00,5.54,2.77,5.54,0.00,0.00,10.50,3.50,4.50,10.50,0.00
721,0.00,5.54,2.77,5.54,0.00,0.00,12.50,4.17,5.36,12.50,0.00
723,0.00,5.54,2.77,5.54,0.00,0.00,14.50,4.83,6.22,14.50,0.00
725,0.00,5.54,2.77,5.54,0.00,0.00,16.50,5.50,7.07,16.50,14.72
727,0.00,5.54,2.77,5.54,0.00,0.00,18.50,6.17,7.93,18.50,20.22
729,0.00,5.54,2.77,5.54,0.00,0.00,20.50,6.83,8.79,20.50,25.22
731,0.00,5.46,2.73,5.46,0.00,0.00,22.50,7.50,9.64,22.50,45.29
733,0.00,0.48,0.24,0.48,0.00,0.00,24.50,8.17,10.50,24.50,55.57
735,0.00,0.00,0.00,0.00,0.00,0.00,0.00,0.00,0.00,0.00,50.03
737,0.00,0.00,0.00,0.00,0.00,0.00,0.00,0.00,0.00,0.00,43.34
739,0.00,0.00,0.00,0.00,0.00,0.00,0.94,0.31,0.40,0.94,41.21
741,0.00,0.00,0.00,0.00,0.00,0.00,0.00,0.00,0.00,0.00,36.48
743,0.00,0.00,0.00,0.00,0.00,0.00,0.99,0.33,0.43,0.99,38.52
745,0.00,3.30,1.65,3.30,0.00,0.00,2.99,1.00,1.28,2.99,38.85
747,0.00,5.10,2.55,5.10,0.00,0.00,4.99,1.66,2.14,4.99,37.14
749,0.00,5.08,2.54,5.08,0.00,0.00,6.99,2.33,3.00,6.99,29.54
751,0.00,5.08,2.54,5.08,0.00,0.00,8.99,3.00,3.85,8.99,17.83
753,0.00,9.92,4.96,9.92,0.00,0.00,10.99,3.66,4.71,10.99,5.33
755,0.00,11.66,5.83,11.66,1.14,0.00,12.99,4.71,6.06,12.99,0.87
757,0.00,17.53,8.76,17.53,0.00,0.00,14.99,5.00,6.43,14.99,8.19
759,0.00,18.66,9.33,18.66,0.00,0.00,16.99,5.66,7.28,16.99,13.59
761,0.00,18.66,9.33,18.66,0.00,0.00,18.99,6.33,8.14,18.99,18.74
763,0.00,18.66,9.33,18.66,0.00,0.00,20.99,7.00,9.00,20.99,22.92
765,0.00,18.66,9.33,18.66,0.00,0.00,22.99,7.66,9.85,22.99,21.50
767,0.00,18.66,9.33,18.66,0.00,0.00,24.99,8.33,10.71,24.99,17.18
769,0.00,18.66,9.33,18.66,0.00,0.00,26.99,9.00,11.57,26.99,9.83
771,0.00,18.66,9.33,18.66,0.49,0.00,28.99,9.83,12.64,28.99,6.84
773,0.00,18.66,9.33,18.66,0.82,0.00,30.99,10.61,13.64,30.99,0.00
775,0.00,18.66,9.33,18.66,0.00,0.00,32.99,11.00,14.14,32.99,0.00
777,0.00,18.66,9.33,18.66,0.00,0.00,34.99,11.66,15.00,34.99,2.85
779,0.00,18.58,9.29,18.58,0.00,0.00,36.99,12.33,15.85,36.99,27.24
781,0.00,4.40,2.20,4.40,0.00,0.00,29.68,9.89,12.72,29.68,35.55
783,0.00,0.00,0.00,0.00,0.00,0.00,28.94,9.65,12.40,28.94,42.82
785,0.00,0.00,0.00,0.00,0.00,0.00,0.00,0.00,0.00,0.00,45.80
787,0.00,0.00,0.00,0.00,0.00,0.00,0.00,0.00,0.00,0.00,49.37
789,0.00,0.00,0.00,0.00,0.00,0.00,0.00,0.00,0.00,0.00,45.53
791,0.00,0.00,0.00,0.00,0.00,0.00,0.00,0.00,0.00,0.00,39.60
793,1.86,0.00,0.93,1.86,1.99,0.00,0.00,0.66,0.85,1.99,30.59
795,3.51,1.74,2.62,3.51,3.99,0.00,0.76,1.59,2.04,3.99,29.56
797,0.00,5.26,2.63,5.26,2.64,0.00,2.76,1.80,2.32,2.76,23.07
799,0.00,7.08,3.54,7.08,2.23,0.00,4.76,2.33,3.00,4.76,15.91
801,0.00,10.92,5.46,10.92,0.00,0.00,6.76,2.25,2.90,6.76,10.60
803,0.00,13.84,6.92,13.84,1.26,0.00,8.76,3.34,4.30,8.76,6.48
805,0.00,17.04,8.52,17.04,3.26,0.00,10.76,4.68,6.01,10.76,0.00
807,0.00,17.01,8.50,17.01,0.00,0.00,12.76,4.25,5.47,12.76,0.00
809,0.00,17.01,8.50,17.01,0.00,0.00,14.76,4.92,6.33,14.76,0.00
811,0.00,17.01,8.50,17.01,0.00,0.00,16.76,5.59,7.18,16.76,0.00
813,0.00,17.01,8.50,17.01,0.00,0.00,18.76,6.25,8.04,18.76,0.00
815,0.00,17.01,8.50,17.01,0.00,0.00,20.76,6.92,8.90,20.76,2.26
817,0.00,16.97,8.48,16.97,0.00,0.00,22.76,7.59,9.76,22.76,13.46
819,0.00,7.92,3.96,7.92,0.00,0.00,22.68,7.56,9.72,22.68,19.07
821,0.00,0.00,0.00,0.00,0.00,0.00,20.78,6.93,8.91,20.78,60.00
823,0.00,0.00,0.00,0.00,0.00,0.00,0.00,0.00,0.00,0.00,60.00
825,0.00,0.00,0.00,0.00,0.00,0.00,0.00,0.00,0.00,0.00,60.00
827,0.00,0.00,0.00,0.00,0.00,0.00,0.00,0.00,0.00,0.00,60.00
829,0.00,0.00,0.00,0.00,0.00,0.00,0.00,0.00,0.00,0.00,39.17
831,0.00,0.00,0.00,0.00,0.00,0.00,0.00,0.00,0.00,0.00,42.37
833,0.00,0.00,0.00,0.00,0.00,0.00,0.00,0.00,0.00,0.00,51.03
835,0.00,0.00,0.00,0.00,0.00,0.00,0.00,0.00,0.00,0.00,57.90
837,0.00,0.00,0.00,0.00,0.00,0.00,0.00,0.00,0.00,0.00,53.20
839,0.00,0.00,0.00,0.00,0.00,0.00,0.00,0.00,0.00,0.00,41.34
841,0.00,0.00,0.00,0.00,0.00,0.00,0.00,0.00,0.00,0.00,29.79
843,0.00,0.00,0.00,0.00,0.59,0.00,0.00,0.20,0.25,0.59,11.14
845,0.00,0.33,0.17,0.33,0.00,0.00,0.76,0.25,0.33,0.76,16.92
847,0.00,6.02,3.01,6.02,0.00,0.00,2.76,0.92,1.18,2.76,22.04
849,0.00,5.83,2.91,5.83,0.00,0.00,4.76,1.59,2.04,4.76,26.91
851,0.00,5.83,2.91,5.83,0.00,0.00,6.76,2.25,2.90,6.76,30.55
853,0.00,5.83,2.91,5.83,0.00,0.00,8.76,2.92,3.75,8.76,27.78
855,0.00,5.83,2.91,5.83,0.00,0.00,10.76,3.59,4.61,10.76,25.84
857,0.00,5.83,2.91,5.83,0.00,0.00,12.76,4.25,5.47,12.76,24.12
859,0.00,5.73,2.86,5.73,0.00,0.00,14.76,4.92,6.33,14.76,29.71
861,0.00,9.31,4.65,9.31,0.00,0.00,16.76,5.59,7.18,16.76,47.41
863,0.00,0.00,0.00,0.00,0.00,0.00,31.29,10.43,13.41,31.29,36.42
865,0.00,0.00,0.00,0.00,0.00,0.00,0.64,0.21,0.27,0.64,37.46
867,0.00,0.00,0.00,0.00,0.00,0.00,0.00,0.00,0.00,0.00,41.79
869,0.00,0.00,0.00,0.00,0.00,0.00,0.00,0.00,0.00,0.00,46.76
871,0.00,0.00,0.00,0.00,0.00,0.00,0.00,0.00,0.00,0.00,51.59
873,0.00,0.00,0.00,0.00,0.00,0.00,0.00,0.00,0.00,0.00,48.91
875,0.00,0.00,0.00,0.00,0.00,0.00,0.00,0.00,0.00,0.00,45.80
877,0.00,0.00,0.00,0.00,0.00,0.00,0.00,0.00,0.00,0.00,38.62
879,0.00,1.27,0.63,1.27,0.00,0.00,0.71,0.24,0.31,0.71,30.10
881,0.00,5.69,2.85,5.69,0.50,0.00,2.71,1.07,1.38,2.71,23.62
883,0.00,6.30,3.15,6.30,0.00,0.00,4.71,1.57,2.02,4.71,23.74
885,0.00,12.30,6.15,12.30,0.00,0.00,6.71,2.24,2.88,6.71,22.80
887,0.00,19.09,9.54,19.09,0.00,0.00,8.71,2.90,3.73,8.71,19.79
889,0.00,18.85,9.42,18.85,0.00,0.00,10.71,3.57,4.59,10.71,16.84
891,0.00,18.85,9.42,18.85,0.00,0.00,12.71,4.24,5.45,12.71,16.32
893,0.00,24.33,12.16,24.33,0.00,0.00,14.71,4.90,6.31,14.71,16.51
895,0.00,25.33,12.66,25.33,0.00,0.00,16.71,5.57,7.16,16.71,13.75
897,0.00,31.16,15.58,31.16,0.00,0.00,18.71,6.24,8.02,18.71,11.29
899,0.00,30.95,15.48,30.95,0.00,0.00,20.71,6.90,8.88,20.71,14.66
901,0.00,32.01,16.00,32.01,0.00,0.00,22.71,7.57,9.73,22.71,15.96
903,0.00,37.39,18.70,37.39,0.00,0.00,20.97,6.99,8.99,20.97,18.23
905,0.00,37.04,18.52,37.04,0.00,1.37,20.52,7.30,8.99,20.52,19.29
907,4.70,29.51,17.10,29.51,0.00,3.37,15.43,6.27,7.10,15.43,21.21
909,4.92,0.00,2.46,4.92,0.00,5.37,17.43,7.60,8.24,17.43,23.94
911,4.92,0.00,2.46,4.92,0.00,7.37,15.87,7.75,7.86,15.87,24.01
913,6.71,0.00,3.35,6.71,0.57,9.37,10.68,6.88,6.16,10.68,29.44
915,11.49,0.00,5.75,11.49,2.57,11.37,0.00,4.65,2.73,11.37,30.96
917,11.40,0.00,5.70,11.40,4.57,13.37,0.00,5.98,3.87,13.37,30.58
919,11.40,0.00,5.70,11.40,6.57,15.37,0.00,7.31,5.01,15.37,28.25
921,11.40,0.00,5.70,11.40,8.57,17.37,0.00,8.65,6.16,17.37,22.90
923,11.40,1.61,6.50,11.40,10.57,19.37,1.46,10.47,7.92,19.37,15.02
925,11.40,8.90,10.15,11.40,12.57,21.37,3.46,12.47,9.92,21.37,8.72
927,11.40,14.68,13.04,14.68,14.57,23.37,5.46,14.47,11.92,23.37,8.22
929,11.40,18.92,15.16,18.92,16.57,25.37,7.46,16.47,13.92,25.37,7.55
931,13.45,18.87,16.16,18.87,18.57,27.37,9.46,18.47,15.92,27.37,8.10
933,17.72,18.87,18.30,18.87,20.57,29.37,11.46,20.47,17.92,29.37,8.35
935,17.66,18.87,18.26,18.87,22.57,31.37,13.46,22.47,19.92,31.37,5.32
937,17.66,18.87,18.26,18.87,24.57,33.37,15.46,24.47,21.92,33.37,2.38
939,17.66,18.87,18.26,18.87,26.57,35.37,17.46,26.47,23.92,35.37,1.19
941,17.60,24.14,20.87,24.14,28.57,37.37,19.46,28.47,25.92,37.37,2.47
943,5.00,25.59,15.29,25.59,30.57,,21.46,,,,4.29
945,0.00,25.59,12.79,25.59,14.49,,23.46,,,,0.00
947,0.00,25.59,12.79,25.59,0.00,,25.46,,,,1.78
949,0.00,25.59,12.79,25.59,0.00,,27.46,,,,16.44
951,0.00,25.03,12.52,25.03,0.00,,27.98,,,,28.41
953,0.00,1.17,0.58,1.17,0.00,,28.95,,,,40.51
955,0.00,0.00,0.00,0.00,0.00,,16.28,,,,49.44
957,0.00,0.00,0.00,0.00,0.00,,0.00,,,,51.58
959,0.00,0.00,0.00,0.00,0.00,,0.00,,,,47.82
961,0.00,0.00,0.00,0.00,0.00,,0.00,,,,42.00
963,0.00,0.00,0.00,0.00,1.20,,0.00,,,,30.64
965,5.88,0.00,2.94,5.88,3.20,,0.00,,,,23.56
967,10.53,0.33,5.43,10.53,5.20,,0.51,,,,15.81
969,0.88,7.35,4.12,7.35,5.86,,2.51,,,,17.15
971,0.00,11.13,5.57,11.13,0.00,,4.51,,,,19.63
973,0.00,11.04,5.52,11.04,1.01,,6.51,,,,25.69
975,0.00,11.04,5.52,11.04,,,8.51,,,,26.74
977,0.00,11.04,5.52,11.04,,,10.51,,,,23.41
979,0.00,11.04,5.52,11.04,,,12.51,,,,15.13
981,0.00,11.04,5.52,11.04,,,14.51,,,,12.12
983,0.00,16.58,8.29,16.58,,,16.51,,,,11.02
985,0.00,19.89,9.95,19.89,,,18.51,,,,12.04
987,0.00,24.24,12.12,24.24,,,20.51,,,,12.89
989,0.00,24.18,12.09,24.18,,,22.51,,,,12.48
991,0.00,24.18,12.09,24.18,,,24.51,,,,12.44
993,0.00,23.76,11.88,23.76,,,25.44,,,,13.96
995,1.59,2.22,1.90,2.22,,,14.40,,,,10.43
997,4.78,0.00,2.39,4.78,,,13.64,,,,0.00
999,4.71,0.00,2.36,4.71,,,,,,,20.82
1001,4.71,0.00,2.36,4.71,,,,,,,26.55
