time,queue_main,queue_right,queue_avg,queue_max,delay_route_1,delay_route_2,delay_route_3,delay_avg_1,delay_avg_2,delay_max,speed
1,0.00,0.00,0.00,0.00,0.00,0.00,0.00,0.00,0.00,0.00,60.00
3,0.00,0.00,0.00,0.00,0.00,0.00,0.00,0.00,0.00,0.00,60.00
5,0.00,0.00,0.00,0.00,0.00,0.00,0.00,0.00,0.00,0.00,60.00
7,0.00,0.00,0.00,0.00,0.00,0.00,0.00,0.00,0.00,0.00,60.00
9,0.00,0.00,0.00,0.00,0.00,0.00,0.00,0.00,0.00,0.00,60.00
11,0.00,0.00,0.00,0.00,0.00,0.00,0.00,0.00,0.00,0.00,60.00
13,0.00,0.00,0.00,0.00,0.00,0.00,0.00,0.00,0.00,0.00,60.00
15,0.00,0.00,0.00,0.00,0.00,0.00,0.00,0.00,0.00,0.00,60.00
17,0.00,0.00,0.00,0.00,0.00,0.00,0.00,0.00,0.00,0.00,60.00
19,0.00,0.00,0.00,0.00,0.00,0.00,0.00,0.00,0.00,0.00,60.00
21,0.00,0.00,0.00,0.00,0.00,0.00,0.00,0.00,0.00,0.00,60.00
23,0.00,0.00,0.00,0.00,0.00,0.00,0.00,0.00,0.00,0.00,60.00
25,0.00,0.00,0.00,0.00,0.00,0.00,0.00,0.00,0.00,0.00,60.00
27,0.00,0.00,0.00,0.00,0.00,0.00,0.00,0.00,0.00,0.00,60.00
29,0.00,0.00,0.00,0.00,0.00,0.00,0.00,0.00,0.00,0.00,60.00
31,0.00,0.00,0.00,0.00,0.00,0.00,0.00,0.00,0.00,0.00,60.00
33,0.00,0.00,0.00,0.00,0.00,0.00,0.00,0.00,0.00,0.00,60.00
35,0.00,0.00,0.00,0.00,0.00,0.00,0.00,0.00,0.00,0.00,60.00
37,0.00,0.00,0.00,0.00,0.00,0.00,0.00,0.00,0.00,0.00,60.00
39,0.00,0.00,0.00,0.00,0.00,0.00,0.00,0.00,0.00,0.00,60.00
41,0.00,0.00,0.00,0.00,0.00,0.00,0.00,0.00,0.00,0.00,60.00
43,0.00,0.00,0.00,0.00,0.00,0.00,0.00,0.00,0.00,0.00,60.00
45,0.00,0.00,0.00,0.00,0.00,0.00,0.00,0.00,0.00,0.00,60.00
47,0.00,0.00,0.00,0.00,0.00,0.00,0.00,0.00,0.00,0.00,60.00
49,0.00,0.00,0.00,0.00,0.00,0.00,0.00,0.00,0.00,0.00,60.00
51,0.00,0.00,0.00,0.00,0.00,0.00,0.00,0.00,0.00,0.00,60.00
53,0.00,0.00,0.00,0.00,0.00,0.00,0.00,0.00,0.00,0.00,60.00
55,0.00,0.00,0.00,0.00,0.00,0.00,0.00,0.00,0.00,0.00,60.00
57,0.00,0.00,0.00,0.00,0.00,0.00,0.00,0.00,0.00,0.00,32.37
59,0.00,0.00,0.00,0.00,0.00,0.00,0.00,0.00,0.00,0.00,35.09
61,0.00,0.00,0.00,0.00,0.00,0.00,0.00,0.00,0.00,0.00,45.00
63,0.00,0.00,0.00,0.00,0.00,0.00,0.00,0.00,0.00,0.00,55.82
65,0.00,0.00,0.00,0.00,0.00,0.00,0.00,0.00,0.00,0.00,55.33
67,0.00,0.00,0.00,0.00,0.00,0.00,0.00,0.00,0.00,0.00,42.49
69,0.00,0.00,0.00,0.00,0.00,0.00,0.00,0.00,0.00,0.00,23.75
71,0.94,0.00,0.47,0.94,0.00,1.29,0.00,0.43,0.43,1.29,9.94
73,5.66,0.00,2.83,5.66,0.00,3.29,1.03,1.44,1.44,3.29,2.30
75,5.53,3.00,4.26,5.53,0.00,5.29,3.03,2.77,2.77,5.29,0.00
77,5.53,5.04,5.28,5.53,0.00,7.29,5.03,4.11,4.11,7.29,0.00
79,5.53,5.02,5.27,5.53,0.00,9.29,7.03,5.44,5.44,9.29,0.00
81,5.53,5.02,5.27,5.53,0.00,11.29,9.03,6.77,6.77,11.29,0.00
83,5.53,5.02,5.27,5.53,0.00,13.29,11.03,8.11,8.11,13.29,0.00
85,5.53,5.02,5.27,5.53,0.00,15.29,13.03,9.44,9.44,15.29,0.00
87,5.53,5.02,5.27,5.53,0.00,17.29,15.03,10.77,10.77,17.29,0.00
89,5.53,5.02,5.27,5.53,0.00,19.29,17.03,12.11,12.11,19.29,0.00
91,5.53,5.02,5.27,5.53,0.00,21.29,19.03,13.44,13.44,21.29,0.00
93,5.53,5.02,5.27,5.53,0.00,23.29,21.03,14.77,14.77,23.29,0.00
95,5.53,5.02,5.27,5.53,0.00,25.29,23.03,16.11,16.11,25.29,0.00
97,5.53,5.02,5.27,5.53,0.00,27.29,25.03,17.44,17.44,27.29,0.00
99,5.44,5.02,5.23,5.44,0.00,29.29,27.03,18.77,18.77,29.29,23.35
101,0.24,5.02,2.63,5.02,0.00,31.29,29.03,20.11,20.11,31.29,34.84
103,0.00,5.02,2.51,5.02,0.00,0.00,31.03,10.34,10.34,31.03,38.67
105,0.00,5.02,2.51,5.02,0.00,0.00,33.03,11.01,11.01,33.03,38.40
107,0.00,5.02,2.51,5.02,0.00,0.00,35.03,11.68,11.68,35.03,33.46
109,0.00,5.02,2.51,5.02,0.00,0.00,37.03,12.34,12.34,37.03,24.11
111,0.00,5.02,2.51,5.02,0.06,0.00,39.03,13.03,13.03,39.03,15.52
113,3.78,4.92,4.35,4.92,2.06,0.00,41.03,14.37,14.37,41.03,21.92
115,5.55,0.00,2.78,5.55,4.06,0.00,43.03,15.70,15.70,43.03,29.37
117,5.55,0.00,2.78,5.55,6.06,0.00,4.56,3.54,3.54,6.06,24.80
119,5.55,0.00,2.78,5.55,8.06,0.00,0.00,2.69,2.69,8.06,13.74
121,5.55,0.00,2.78,5.55,10.06,0.00,0.00,3.35,3.35,10.06,4.44
123,7.35,0.00,3.68,7.35,12.06,1.12,0.00,4.40,4.40,12.06,0.33
125,12.17,0.00,6.09,12.17,14.06,3.12,0.00,5.73,5.73,14.06,0.00
127,12.07,0.00,6.04,12.07,16.06,5.12,0.00,7.06,7.06,16.06,0.00
129,12.07,0.00,6.04,12.07,18.06,7.12,0.00,8.40,8.40,18.06,0.00
131,12.07,0.00,6.04,12.07,20.06,9.12,0.00,9.73,9.73,20.06,10.84
133,12.07,0.00,6.04,12.07,22.06,11.12,0.00,11.06,11.06,22.06,14.45
135,12.07,0.00,6.04,12.07,24.06,13.12,0.00,12.40,12.40,24.06,17.59
137,12.07,0.00,6.04,12.07,26.06,15.12,0.00,13.73,13.73,26.06,19.58
139,12.07,0.00,6.04,12.07,28.06,17.12,0.00,15.06,15.06,28.06,30.90
141,11.26,0.00,5.63,11.26,30.06,19.12,0.00,16.40,16.40,30.06,30.68
143,7.08,0.00,3.54,7.08,0.00,21.12,0.00,7.04,7.04,21.12,25.38
145,7.37,0.00,3.69,7.37,0.00,23.12,0.00,7.71,7.71,23.12,19.89
147,12.49,0.00,6.24,12.49,0.00,25.12,0.00,8.37,8.37,25.12,20.09
149,12.40,0.00,6.20,12.40,0.00,27.12,0.00,9.04,9.04,27.12,29.99
151,10.16,0.00,5.08,10.16,0.00,29.12,0.00,9.71,9.71,29.12,37.79
153,0.00,3.92,1.96,3.92,0.00,10.54,1.64,4.06,4.06,10.54,44.34
155,0.00,5.68,2.84,5.68,0.00,0.00,3.64,1.21,1.21,3.64,40.44
157,0.00,5.67,2.84,5.67,0.00,0.00,5.64,1.88,1.88,5.64,33.53
159,0.00,5.67,2.84,5.67,0.00,0.00,7.64,2.55,2.55,7.64,27.55
161,0.00,10.90,5.45,10.90,0.00,0.00,9.64,3.21,3.21,9.64,20.52
163,0.00,16.25,8.13,16.25,0.00,0.00,11.64,3.88,3.88,11.64,12.45
165,0.00,24.45,12.22,24.45,1.27,0.00,13.64,4.97,4.97,13.64,7.89
167,0.66,24.20,12.43,24.20,3.27,0.00,15.64,6.30,6.30,15.64,6.46
169,9.18,18.94,14.06,18.94,5.27,0.00,10.09,5.12,5.12,10.09,5.44
171,11.84,0.00,5.92,11.84,7.27,0.00,10.40,5.89,5.89,10.40,7.44
173,11.82,0.00,5.91,11.82,9.27,0.00,10.56,6.61,6.61,10.56,10.09
175,11.82,0.00,5.91,11.82,11.27,0.00,0.00,3.76,3.76,11.27,14.37
177,11.82,0.00,5.91,11.82,13.27,0.00,0.00,4.42,4.42,13.27,17.96
179,11.82,0.00,5.91,11.82,15.27,0.00,0.00,5.09,5.09,15.27,23.75
181,11.82,0.00,5.91,11.82,17.27,0.00,0.00,5.76,5.76,17.27,22.60
183,11.82,0.00,5.91,11.82,19.27,0.00,0.00,6.42,6.42,19.27,20.05
185,11.82,0.00,5.91,11.82,21.27,0.00,0.00,7.09,7.09,21.27,15.56
187,14.42,0.00,7.21,14.42,23.27,1.20,0.00,8.16,8.16,23.27,13.05
189,18.74,0.00,9.37,18.74,25.27,3.20,0.00,9.49,9.49,25.27,16.66
191,6.26,0.00,3.13,6.26,24.22,5.20,0.00,9.81,9.81,24.22,13.16
193,0.64,0.00,0.32,0.64,0.00,7.20,0.00,2.40,2.40,7.20,1.67
195,11.82,0.00,5.91,11.82,0.00,9.20,0.00,3.07,3.07,9.20,14.79
197,12.95,0.00,6.48,12.95,0.00,11.20,0.00,3.73,3.73,11.20,23.86
199,10.66,0.00,5.33,10.66,0.00,13.20,0.00,4.40,4.40,13.20,31.37
201,0.00,0.00,0.00,0.00,0.00,10.98,0.00,3.66,3.66,10.98,45.30
203,0.00,0.00,0.00,0.00,0.00,0.00,0.00,0.00,0.00,0.00,56.02
205,0.00,0.00,0.00,0.00,0.00,1.00,0.00,0.33,0.33,1.00,65.19
207,0.00,0.00,0.00,0.00,0.00,3.00,0.00,1.00,1.00,3.00,60.00
209,0.00,0.00,0.00,0.00,0.00,0.00,0.00,0.00,0.00,0.00,60.00
211,0.00,0.00,0.00,0.00,0.00,0.00,0.00,0.00,0.00,0.00,60.00
213,0.00,0.00,0.00,0.00,0.00,0.00,0.00,0.00,0.00,0.00,60.00
215,0.00,0.00,0.00,0.00,0.00,0.00,0.00,0.00,0.00,0.00,60.00
217,0.00,0.00,0.00,0.00,0.00,0.00,0.00,0.00,0.00,0.00,30.63
219,0.00,0.00,0.00,0.00,0.00,0.00,0.00,0.00,0.00,0.00,40.55
221,0.00,0.00,0.00,0.00,0.00,0.00,0.00,0.00,0.00,0.00,49.32
223,0.00,0.00,0.00,0.00,0.00,0.00,0.00,0.00,0.00,0.00,57.22
225,0.00,0.00,0.00,0.00,0.00,0.00,0.00,0.00,0.00,0.00,48.25
227,0.00,0.00,0.00,0.00,0.00,0.00,0.00,0.00,0.00,0.00,41.04
229,0.00,0.00,0.00,0.00,0.00,0.00,0.00,0.00,0.00,0.00,41.06
231,0.00,0.00,0.00,0.00,0.00,0.00,0.00,0.00,0.00,0.00,47.73
233,0.00,0.00,0.00,0.00,1.25,0.00,0.00,0.42,0.42,1.25,46.41
235,0.00,0.00,0.00,0.00,0.00,0.00,0.00,0.00,0.00,0.00,38.82
237,0.00,0.00,0.00,0.00,0.00,0.00,0.00,0.00,0.00,0.00,37.10
239,2.24,0.00,1.12,2.24,0.00,1.97,0.00,0.66,0.66,1.97,34.70
241,5.05,0.00,2.53,5.05,0.10,3.97,0.00,1.36,1.36,3.97,36.57
243,0.22,0.00,0.11,0.22,2.10,5.97,0.00,2.69,2.69,5.97,36.53
245,0.00,0.00,0.00,0.00,4.10,2.61,0.00,2.24,2.24,4.10,41.72
247,0.00,0.00,0.00,0.00,0.00,4.61,0.00,1.54,1.54,4.61,43.32
249,0.00,0.00,0.00,0.00,0.00,3.22,0.00,1.07,1.07,3.22,41.41
251,0.00,0.00,0.00,0.00,0.45,0.00,0.00,0.15,0.15,0.45,27.27
253,1.94,0.00,0.97,1.94,2.45,0.00,1.19,1.21,1.21,2.45,24.01
255,5.10,0.00,2.55,5.10,4.45,0.00,3.19,2.55,2.55,4.45,20.43
257,5.05,0.00,2.53,5.05,6.45,0.00,0.00,2.15,2.15,6.45,19.72
259,10.61,0.00,5.31,10.61,8.45,0.00,0.00,2.82,2.82,8.45,24.20
261,11.68,0.00,5.84,11.68,10.45,0.00,0.00,3.48,3.48,10.45,26.22
263,11.68,0.00,5.84,11.68,12.45,0.00,0.00,4.15,4.15,12.45,27.19
265,11.68,0.00,5.84,11.68,14.45,0.00,0.20,4.88,4.88,14.45,27.07
267,11.68,0.00,5.84,11.68,16.45,0.00,0.00,5.48,5.48,16.45,25.59
269,11.68,0.00,5.84,11.68,18.45,0.00,0.00,6.15,6.15,18.45,22.88
271,11.68,0.00,5.84,11.68,20.45,0.00,0.00,6.82,6.82,20.45,21.91
273,16.35,0.00,8.18,16.35,22.45,0.00,0.00,7.48,7.48,22.45,20.85
275,23.44,0.00,11.72,23.44,24.45,0.00,0.00,8.15,8.15,24.45,20.87
277,24.48,0.00,12.24,24.48,26.45,0.00,0.00,8.82,8.82,26.45,18.52
279,24.48,0.00,12.24,24.48,28.45,0.00,0.00,9.48,9.48,28.45,18.45
281,30.14,0.00,15.07,30.14,30.45,1.26,0.00,10.57,10.57,30.45,17.63
283,37.22,0.00,18.61,37.22,25.85,3.26,0.00,9.70,9.70,25.85,19.29
285,42.46,0.00,21.23,42.46,13.32,5.26,0.00,6.19,6.19,13.32,19.86
287,48.72,0.00,24.36,48.72,14.28,7.26,0.00,7.18,7.18,14.28,21.78
289,39.66,0.00,19.83,39.66,0.00,9.26,0.00,3.09,3.09,9.26,22.58
291,0.00,0.00,0.00,0.00,0.00,11.26,0.00,3.75,3.75,11.26,19.19
293,0.00,0.00,0.00,0.00,0.00,11.73,1.07,4.27,4.27,11.73,16.86
295,0.00,4.69,2.35,4.69,0.00,11.73,3.07,4.93,4.93,11.73,0.00
297,0.00,4.92,2.46,4.92,0.00,10.87,5.07,5.32,5.32,10.87,0.00
299,0.00,4.92,2.46,4.92,0.00,0.00,7.07,2.36,2.36,7.07,16.20
301,0.00,4.84,2.42,4.84,0.00,0.00,9.07,3.02,3.02,9.07,34.33
303,0.00,0.21,0.11,0.21,0.00,0.00,11.07,3.69,3.69,11.07,46.29
305,0.00,0.00,0.00,0.00,0.00,0.00,0.00,0.00,0.00,0.00,58.82
307,0.00,0.00,0.00,0.00,0.00,0.00,0.00,0.00,0.00,0.00,56.37
309,0.00,0.00,0.00,0.00,0.00,0.00,0.00,0.00,0.00,0.00,40.15
311,0.00,0.00,0.00,0.00,0.00,0.04,0.00,0.01,0.01,0.04,31.47
313,0.96,0.00,0.48,0.96,0.00,2.04,0.00,0.68,0.68,2.04,25.37
315,5.78,0.00,2.89,5.78,0.00,4.04,0.00,1.35,1.35,4.04,21.46
317,5.64,3.27,4.45,5.64,0.00,6.04,1.91,2.65,2.65,6.04,15.90
319,5.64,5.00,5.32,5.64,0.00,8.04,3.91,3.99,3.99,8.04,15.96
321,5.64,4.98,5.31,5.64,0.00,10.04,5.91,5.32,5.32,10.04,13.89
323,5.64,7.35,6.49,7.35,0.00,12.04,7.91,6.65,6.65,12.04,20.94
325,5.64,11.23,8.43,11.23,0.00,14.04,9.91,7.99,7.99,14.04,23.50
327,5.64,11.18,8.41,11.18,0.00,16.04,11.91,9.32,9.32,16.04,21.59
329,5.64,11.18,8.41,11.18,0.00,18.04,13.91,10.65,10.65,18.04,18.37
331,5.64,11.18,8.41,11.18,1.10,20.04,15.91,12.35,12.35,20.04,16.21
333,7.12,11.18,9.15,11.18,3.10,22.04,17.91,14.35,14.35,22.04,16.63
335,12.47,11.18,11.83,12.47,5.10,24.04,19.91,16.35,16.35,24.04,19.53
337,18.22,11.18,14.70,18.22,7.10,26.04,21.91,18.35,18.35,26.04,22.46
339,8.73,11.18,9.95,11.18,9.10,5.80,23.91,12.94,12.94,23.91,24.68
341,0.00,11.18,5.59,11.18,0.00,7.80,25.91,11.24,11.24,25.91,24.08
343,0.00,11.18,5.59,11.18,0.00,0.00,27.91,9.30,9.30,27.91,22.41
345,0.00,11.18,5.59,11.18,1.77,0.00,29.91,10.56,10.56,29.91,21.94
347,0.00,11.18,5.59,11.18,1.29,0.80,31.91,11.34,11.34,31.91,21.72
349,1.38,7.53,4.45,7.53,3.29,2.80,33.91,13.34,13.34,33.91,15.23
351,7.64,0.00,3.82,7.64,5.29,4.80,28.96,13.02,13.02,28.96,0.07
353,11.06,0.00,5.53,11.06,7.29,6.80,2.46,5.52,5.52,7.29,12.37
355,11.03,0.00,5.51,11.03,9.29,8.80,0.00,6.03,6.03,9.29,21.27
357,11.03,0.00,5.51,11.03,11.29,10.80,0.00,7.36,7.36,11.29,25.84
359,11.03,0.00,5.51,11.03,13.29,12.80,0.00,8.70,8.70,13.29,28.22
361,11.03,0.00,5.51,11.03,15.29,14.80,0.00,10.03,10.03,15.29,27.12
363,11.03,0.00,5.51,11.03,17.29,16.80,0.00,11.36,11.36,17.29,22.22
365,11.03,0.00,5.51,11.03,19.29,18.80,0.00,12.70,12.70,19.29,16.58
367,15.46,0.00,7.73,15.46,21.29,20.80,0.00,14.03,14.03,21.29,11.29
369,22.54,0.00,11.27,22.54,23.29,22.80,0.00,15.36,15.36,23.29,6.21
371,24.34,0.00,12.17,24.34,25.29,24.80,0.00,16.70,16.70,25.29,4.24
373,24.33,0.00,12.17,24.33,27.29,26.80,0.00,18.03,18.03,27.29,9.70
375,29.28,0.00,14.64,29.28,8.75,28.80,0.00,12.52,12.52,28.80,10.92
377,30.48,0.00,15.24,30.48,10.75,30.80,0.00,13.85,13.85,30.80,16.13
379,28.90,0.00,14.45,28.90,12.75,32.80,0.00,15.18,15.18,32.80,19.01
381,26.61,0.00,13.31,26.61,14.75,34.80,0.00,16.52,16.52,34.80,20.95
383,24.82,0.00,12.41,24.82,16.75,18.30,0.00,11.68,11.68,18.30,23.42
385,2.35,0.00,1.18,2.35,18.75,0.00,0.00,6.25,6.25,18.75,26.76
387,0.00,0.00,0.00,0.00,13.98,0.00,0.00,4.66,4.66,13.98,27.37
389,0.00,0.00,0.00,0.00,5.74,0.00,0.00,1.91,1.91,5.74,33.54
391,0.00,0.00,0.00,0.00,0.00,1.82,0.00,0.61,0.61,1.82,37.40
393,0.00,0.00,0.00,0.00,0.00,3.82,0.00,1.27,1.27,3.82,25.04
395,0.00,0.00,0.00,0.00,0.00,5.82,0.00,1.94,1.94,5.82,27.27
397,4.72,0.00,2.36,4.72,0.00,7.82,0.00,2.61,2.61,7.82,33.07
399,5.00,0.00,2.50,5.00,0.00,9.82,0.00,3.27,3.27,9.82,37.83
401,5.00,0.00,2.50,5.00,0.00,11.82,0.00,3.94,3.94,11.82,36.48
403,5.00,0.00,2.50,5.00,0.00,13.82,0.00,4.61,4.61,13.82,35.78
405,5.00,0.00,2.50,5.00,0.08,15.82,0.00,5.30,5.30,15.82,30.54
407,6.80,0.00,3.40,6.80,2.08,17.82,0.00,6.63,6.63,17.82,26.14
409,13.50,0.00,6.75,13.50,4.08,19.82,0.00,7.97,7.97,19.82,22.23
411,17.28,0.00,8.64,17.28,6.08,21.82,0.00,9.30,9.30,21.82,16.95
413,17.59,0.00,8.79,17.59,8.08,23.82,0.00,10.63,10.63,23.82,11.99
415,25.63,0.00,12.82,25.63,10.08,25.82,0.00,11.97,11.97,25.82,7.01
417,29.65,0.00,14.82,29.65,12.08,27.82,0.00,13.30,13.30,27.82,3.61
419,29.56,0.00,14.78,29.56,14.08,29.82,1.12,15.01,15.01,29.82,2.07
421,29.56,2.71,16.13,29.56,16.08,31.82,3.12,17.01,17.01,31.82,3.48
423,29.55,5.55,17.55,29.55,18.08,11.53,5.12,11.58,11.58,18.08,13.92
425,13.00,5.51,9.26,13.00,17.18,13.53,7.12,12.61,12.61,17.18,11.50
427,0.00,5.51,2.76,5.51,11.40,15.53,9.12,12.02,12.02,15.53,17.60
429,0.00,5.51,2.76,5.51,13.40,0.00,11.12,8.17,8.17,13.40,21.96
431,0.00,5.51,2.76,5.51,49.41,0.00,13.12,20.84,20.84,49.41,26.93
433,0.00,5.43,2.71,5.43,51.41,0.00,15.12,22.18,22.18,51.41,47.80
435,0.00,0.24,0.12,0.24,53.41,0.00,17.12,23.51,23.51,53.41,46.62
437,0.00,0.00,0.00,0.00,55.41,0.00,0.00,18.47,18.47,55.41,37.72
439,0.00,0.00,0.00,0.00,57.41,0.30,0.00,19.23,19.23,57.41,37.82
441,0.90,0.00,0.45,0.90,59.41,2.30,0.00,20.57,20.57,59.41,39.92
443,5.37,0.00,2.69,5.37,61.41,4.30,0.00,21.90,21.90,61.41,38.72
445,5.23,0.00,2.61,5.23,63.41,6.30,0.00,23.23,23.23,63.41,32.41
447,5.23,0.00,2.61,5.23,65.41,8.30,1.11,24.94,24.94,65.41,28.74
449,5.23,4.07,4.65,5.23,67.41,10.30,3.11,26.94,26.94,67.41,22.35
451,6.31,4.50,5.40,6.31,69.41,12.30,5.11,28.94,28.94,69.41,20.75
453,11.89,4.50,8.19,11.89,71.41,14.30,7.11,30.94,30.94,71.41,17.45
455,11.76,9.40,10.58,11.76,73.41,16.30,9.11,32.94,32.94,73.41,17.41
457,11.76,11.14,11.45,11.76,75.41,18.30,11.11,34.94,34.94,75.41,16.98
459,11.76,12.74,12.25,12.74,77.41,20.30,13.11,36.94,36.94,77.41,17.11
461,11.76,18.57,15.16,18.57,79.41,22.30,15.11,38.94,38.94,79.41,21.93
463,7.97,18.44,13.21,18.44,81.41,24.30,17.11,40.94,40.94,81.41,24.37
465,0.00,18.44,9.22,18.44,83.41,15.94,19.11,39.49,39.49,83.41,18.74
467,0.00,18.44,9.22,18.44,85.41,4.83,21.11,37.12,37.12,85.41,13.96
469,0.00,22.16,11.08,22.16,87.41,0.00,23.11,36.84,36.84,87.41,10.09
471,0.00,26.70,13.35,26.70,89.41,0.00,25.11,38.17,38.17,89.41,8.83
473,0.00,33.31,16.66,33.31,91.41,0.00,27.11,39.51,39.51,91.41,9.61
475,0.00,36.29,18.14,36.29,93.41,0.00,29.11,40.84,40.84,93.41,13.43
477,0.00,36.27,18.14,36.27,95.41,0.00,31.11,42.17,42.17,95.41,15.08
479,0.00,36.27,18.14,36.27,97.41,0.00,27.08,41.50,41.50,97.41,17.94
481,0.00,36.17,18.09,36.17,99.41,1.10,23.73,41.41,41.41,99.41,21.61
483,4.20,20.77,12.49,20.77,101.41,3.10,14.15,39.55,39.55,101.41,19.63
485,4.90,3.82,4.36,4.90,103.41,5.10,16.15,41.55,41.55,103.41,18.86
487,4.90,9.89,7.40,9.89,105.41,7.10,18.15,43.55,43.55,105.41,20.72
489,7.26,16.59,11.93,16.59,107.41,9.10,20.15,45.55,45.55,107.41,21.21
491,11.15,16.64,13.89,16.64,109.41,11.10,22.15,47.55,47.55,109.41,19.38
493,11.09,16.64,13.87,16.64,111.41,13.10,24.15,49.55,49.55,111.41,13.16
495,11.09,16.64,13.87,16.64,113.41,15.10,26.15,51.55,51.55,113.41,6.21
497,16.92,16.64,16.78,16.92,115.41,17.10,28.15,53.55,53.55,115.41,5.30
499,17.63,22.50,20.06,22.50,117.41,19.10,30.15,55.55,55.55,117.41,7.04
501,17.63,30.21,23.92,30.21,119.41,21.10,32.15,57.55,57.55,119.41,10.21
503,17.59,30.09,23.84,30.09,121.41,23.10,34.15,59.55,59.55,121.41,11.93
505,5.05,30.09,17.57,30.09,123.41,11.77,36.15,57.11,57.11,123.41,9.97
507,0.00,30.09,15.05,30.09,0.00,13.77,38.15,17.31,17.31,38.15,8.02
509,0.00,31.55,15.77,31.55,0.00,0.00,40.15,13.38,13.38,40.15,9.80
511,0.00,36.78,18.39,36.78,0.00,0.00,42.15,14.05,14.05,42.15,10.12
513,0.00,36.66,18.33,36.66,0.00,0.00,44.15,14.72,14.72,44.15,11.28
515,0.00,36.66,18.33,36.66,1.26,0.00,46.15,15.80,15.80,46.15,17.02
517,4.68,36.66,20.67,36.66,3.26,0.00,46.57,16.61,16.61,46.57,19.91
519,5.90,36.48,21.19,36.48,5.26,0.00,46.50,17.25,17.25,46.50,20.73
521,5.90,33.98,19.94,33.98,7.26,0.00,23.43,10.23,10.23,23.43,15.53
523,5.90,16.88,11.39,16.88,9.26,1.00,25.43,11.90,11.90,25.43,13.60
525,12.19,12.23,12.21,12.23,11.26,3.00,27.43,13.90,13.90,27.43,14.00
527,11.94,18.79,15.36,18.79,13.26,5.00,29.43,15.90,15.90,29.43,17.28
529,11.94,23.43,17.69,23.43,15.26,7.00,31.43,17.90,17.90,31.43,17.80
531,11.94,25.22,18.58,25.22,17.26,9.00,33.43,19.90,19.90,33.43,16.17
533,11.94,25.22,18.58,25.22,19.26,11.00,35.43,21.90,21.90,35.43,12.26
535,11.94,25.22,18.58,25.22,21.26,13.00,37.43,23.90,23.90,37.43,8.64
537,15.87,25.22,20.55,25.22,23.26,15.00,39.43,25.90,25.90,39.43,7.22
539,14.09,25.22,19.65,25.22,3.07,17.00,41.43,20.50,20.50,41.43,1.29
541,20.52,25.22,22.87,25.22,5.07,19.00,43.43,22.50,22.50,43.43,0.03
543,25.31,25.22,25.27,25.31,7.07,21.00,45.43,24.50,24.50,45.43,0.00
545,25.26,25.22,25.24,25.26,9.07,23.00,47.43,26.50,26.50,47.43,0.79
547,25.26,25.22,25.24,25.26,11.07,25.00,49.43,28.50,28.50,49.43,2.61
549,23.66,25.22,24.44,25.22,13.07,13.74,51.43,26.08,26.08,51.43,3.56
551,0.00,25.22,12.61,25.22,0.00,15.74,53.43,23.06,23.06,53.43,6.19
553,0.00,25.22,12.61,25.22,0.00,15.48,55.43,23.64,23.64,55.43,0.00
555,0.00,25.22,12.61,25.22,0.00,0.00,57.43,19.14,19.14,57.43,7.98
557,0.00,25.22,12.61,25.22,0.00,0.00,59.43,19.81,19.81,59.43,19.18
559,0.00,25.22,12.61,25.22,0.00,0.00,61.43,20.48,20.48,61.43,31.40
561,0.00,20.95,10.47,20.95,0.00,0.00,62.58,20.86,20.86,62.58,41.36
563,0.00,0.00,0.00,0.00,0.00,0.00,53.72,17.91,17.91,53.72,37.54
565,0.00,0.91,0.45,0.91,0.00,0.00,37.17,12.39,12.39,37.17,29.11
567,0.00,5.53,2.77,5.53,0.00,0.09,39.17,13.09,13.09,39.17,22.33
569,2.15,5.43,3.79,5.43,0.00,2.09,41.17,14.42,14.42,41.17,23.12
571,7.17,5.43,6.30,7.17,0.63,4.09,43.17,15.96,15.96,43.17,22.03
573,10.91,5.43,8.17,10.91,2.63,6.09,45.17,17.96,17.96,45.17,18.66
575,10.86,5.43,8.15,10.86,4.63,8.09,47.17,19.96,19.96,47.17,14.61
577,10.86,5.43,8.15,10.86,6.63,10.09,49.17,21.96,21.96,49.17,8.19
579,16.87,5.43,11.15,16.87,8.63,12.09,51.17,23.96,23.96,51.17,3.63
581,16.90,5.43,11.16,16.90,10.63,14.09,53.17,25.96,25.96,53.17,0.66
583,16.90,10.34,13.62,16.90,12.63,16.09,55.17,27.96,27.96,55.17,0.00
585,16.90,12.09,14.49,16.90,14.63,18.09,57.17,29.96,29.96,57.17,0.00
587,16.90,12.08,14.49,16.90,16.63,20.09,59.17,31.96,31.96,59.17,1.47
589,16.84,12.08,14.46,16.84,18.63,22.09,61.17,33.96,33.96,61.17,4.96
591,3.99,12.08,8.03,12.08,20.63,15.10,63.17,32.97,32.97,63.17,11.92
593,0.00,12.08,6.04,12.08,0.00,17.10,65.17,27.42,27.42,65.17,15.59
595,0.00,12.08,6.04,12.08,0.00,0.00,67.17,22.39,22.39,67.17,18.77
597,0.00,12.08,6.04,12.08,0.00,0.00,69.17,23.06,23.06,69.17,33.52
599,0.00,9.25,4.62,9.25,0.00,0.00,71.17,23.72,23.72,71.17,35.07
601,0.00,0.00,0.00,0.00,0.00,0.00,21.13,7.04,7.04,21.13,39.28
603,0.00,0.00,0.00,0.00,0.00,0.00,1.26,0.42,0.42,1.26,44.30
605,0.00,0.00,0.00,0.00,0.00,0.00,0.00,0.00,0.00,0.00,49.65
607,0.00,0.00,0.00,0.00,0.00,0.00,0.00,0.00,0.00,0.00,49.29
609,0.00,0.00,0.00,0.00,0.00,0.00,0.00,0.00,0.00,0.00,50.99
611,0.00,0.00,0.00,0.00,0.00,0.00,0.00,0.00,0.00,0.00,42.14
613,0.00,0.00,0.00,0.00,0.00,0.00,0.11,0.04,0.04,0.11,35.00
615,0.00,2.55,1.27,2.55,0.00,0.00,2.11,0.70,0.70,2.11,29.04
617,0.00,5.19,2.60,5.19,0.00,0.00,4.11,1.37,1.37,4.11,26.20
619,0.00,6.46,3.23,6.46,1.96,0.00,6.11,2.69,2.69,6.11,22.43
621,0.00,11.07,5.53,11.07,2.31,0.00,8.11,3.47,3.47,8.11,18.81
623,0.00,10.96,5.48,10.96,0.00,0.56,10.11,3.56,3.56,10.11,16.43
625,0.00,10.96,5.48,10.96,0.00,2.56,12.11,4.89,4.89,12.11,13.64
627,0.00,10.96,5.48,10.96,0.00,4.56,14.11,6.23,6.23,14.11,6.39
629,0.00,10.96,5.48,10.96,1.78,6.56,16.11,8.15,8.15,16.11,1.00
631,16.04,10.96,13.50,16.04,3.78,8.56,18.11,10.15,10.15,18.11,9.40
633,14.35,10.96,12.65,14.35,5.78,10.56,20.11,12.15,12.15,20.11,16.05
635,0.00,10.96,5.48,10.96,7.78,0.00,22.11,9.96,9.96,22.11,21.13
637,0.00,10.96,5.48,10.96,9.78,0.00,24.11,11.30,11.30,24.11,26.74
639,0.00,10.96,5.48,10.96,0.00,0.00,26.11,8.70,8.70,26.11,25.71
641,0.00,10.96,5.48,10.96,0.00,0.00,28.11,9.37,9.37,28.11,31.67
643,0.00,7.79,3.90,7.79,0.00,0.00,30.11,10.04,10.04,30.11,34.95
645,0.00,0.00,0.00,0.00,0.00,0.00,27.37,9.12,9.12,27.37,32.75
647,0.00,0.00,0.00,0.00,0.00,0.00,2.39,0.80,0.80,2.39,32.21
649,0.89,0.00,0.45,0.89,0.00,1.46,0.00,0.49,0.49,1.46,35.17
651,5.29,0.00,2.64,5.29,0.00,3.46,0.00,1.15,1.15,3.46,35.00
653,5.13,0.00,2.56,5.13,0.00,5.46,0.00,1.82,1.82,5.46,31.99
655,5.13,0.00,2.56,5.13,0.00,7.46,0.00,2.49,2.49,7.46,32.56
657,5.13,0.00,2.56,5.13,0.00,9.46,0.00,3.15,3.15,9.46,33.55
659,7.88,0.00,3.94,7.88,0.16,11.46,0.00,3.87,3.87,11.46,30.01
661,10.78,0.00,5.39,10.78,2.16,13.46,0.00,5.21,5.21,13.46,25.82
663,10.75,0.00,5.37,10.75,4.16,15.46,0.00,6.54,6.54,15.46,19.57
665,29.46,0.00,14.73,29.46,6.16,17.46,1.58,8.40,8.40,17.46,14.57
667,33.66,0.31,16.99,33.66,8.16,19.46,3.58,10.40,10.40,19.46,13.90
669,37.62,5.49,21.55,37.62,10.16,21.46,5.58,12.40,12.40,21.46,15.28
671,41.38,5.27,23.33,41.38,12.16,23.46,7.58,14.40,14.40,23.46,13.46
673,41.34,5.27,23.31,41.34,14.16,13.31,9.58,12.35,12.35,14.16,11.59
675,41.10,11.65,26.38,41.10,13.62,15.31,11.58,13.50,13.50,15.31,16.39
677,1.99,11.40,6.70,11.40,12.94,17.31,13.58,14.61,14.61,17.31,18.35
679,0.00,11.40,5.70,11.40,14.94,0.83,15.58,10.45,10.45,15.58,21.03
681,0.00,11.40,5.70,11.40,14.30,2.83,17.58,11.57,11.57,17.58,20.90
683,0.00,11.40,5.70,11.40,4.75,4.83,19.58,9.72,9.72,19.58,23.68
685,7.12,8.70,7.91,8.70,6.75,6.83,21.58,11.72,11.72,21.58,26.52
687,12.21,0.00,6.10,12.21,8.75,8.83,16.77,11.45,11.45,16.77,27.06
689,12.15,0.00,6.08,12.15,10.75,10.83,0.81,7.47,7.47,10.83,25.61
691,15.34,0.00,7.67,15.34,12.75,12.83,2.81,9.47,9.47,12.83,18.03
693,18.78,0.30,9.54,18.78,14.75,14.83,4.81,11.47,11.47,14.83,16.39
695,18.75,5.40,12.08,18.75,16.75,16.83,6.81,13.47,13.47,16.83,16.33
697,22.60,5.23,13.92,22.60,18.75,18.83,8.81,15.47,15.47,18.83,18.61
699,24.31,6.52,15.42,24.31,20.75,20.83,10.81,17.47,17.47,20.83,18.68
701,24.31,11.10,17.71,24.31,22.75,22.83,12.81,19.47,19.47,22.83,16.76
703,24.31,10.99,17.65,24.31,24.75,24.83,14.81,21.47,21.47,24.83,13.54
705,25.01,10.99,18.00,25.01,26.75,26.83,16.81,23.47,23.47,26.83,13.38
707,32.64,10.99,21.82,32.64,28.75,28.83,18.81,25.47,25.47,28.83,12.11
709,38.98,10.99,24.99,38.98,20.54,30.83,20.81,24.06,24.06,30.83,11.24
711,43.88,10.99,27.44,43.88,22.54,32.83,22.81,26.06,26.06,32.83,8.96
713,43.56,10.99,27.28,43.56,24.54,34.83,24.81,28.06,28.06,34.83,6.00
715,42.51,16.04,29.28,42.51,26.54,36.83,26.81,30.06,30.06,36.83,4.98
717,41.04,17.43,29.24,41.04,28.54,8.03,28.81,21.79,21.79,28.81,4.67
719,38.78,23.12,30.95,38.78,24.99,10.03,30.81,21.94,21.94,30.81,9.52
721,0.00,23.80,11.90,23.80,16.20,12.03,32.81,20.35,20.35,32.81,5.75
723,0.00,23.80,11.90,23.80,16.45,14.03,34.81,21.76,21.76,34.81,2.72
725,8.75,23.80,16.28,23.80,18.45,16.03,36.81,23.76,23.76,36.81,4.41
727,12.16,19.68,15.92,19.68,20.45,18.03,29.56,22.68,22.68,29.56,5.19
729,12.13,0.00,6.06,12.13,22.45,20.03,18.94,20.47,20.47,22.45,15.67
731,12.13,0.00,6.06,12.13,24.45,22.03,14.09,20.19,20.19,24.45,20.78
733,12.13,0.00,6.06,12.13,26.45,24.03,0.00,16.83,16.83,26.45,27.38
735,12.13,0.00,6.06,12.13,28.45,26.03,0.00,18.16,18.16,28.45,32.91
737,12.13,0.00,6.06,12.13,30.45,28.03,0.00,19.49,19.49,30.45,31.71
739,12.13,0.00,6.06,12.13,32.45,30.03,0.00,20.83,20.83,32.45,29.90
741,12.13,0.00,6.06,12.13,34.45,32.03,0.00,22.16,22.16,34.45,26.03
743,12.13,1.57,6.85,12.13,36.45,34.03,1.86,24.11,24.11,36.45,23.22
745,11.34,5.70,8.52,11.34,38.45,36.03,3.86,26.11,26.11,38.45,23.78
747,9.82,5.61,7.71,9.82,1.52,38.03,5.86,15.13,15.13,38.03,13.58
749,21.39,5.61,13.50,21.39,3.52,40.03,7.86,17.13,17.13,40.03,11.12
751,24.89,5.61,15.25,24.89,5.52,42.03,9.86,19.13,19.13,42.03,10.71
753,24.83,10.64,17.73,24.83,7.52,44.03,11.86,21.13,21.13,44.03,10.82
755,24.55,12.42,18.48,24.55,9.52,46.03,13.86,23.13,23.13,46.03,12.60
757,23.00,12.41,17.71,23.00,11.52,14.29,15.86,13.89,13.89,15.86,19.02
759,0.00,12.41,6.21,12.41,13.52,14.51,17.86,15.30,15.30,17.86,17.80
761,0.00,12.41,6.21,12.41,15.52,0.00,19.86,11.79,11.79,19.86,16.93
763,0.00,12.41,6.21,12.41,6.51,0.00,21.86,9.45,9.45,21.86,14.25
765,0.00,14.87,7.43,14.87,0.00,0.00,23.86,7.95,7.95,23.86,15.20
767,0.00,18.03,9.01,18.03,0.00,0.00,25.86,8.62,8.62,25.86,17.59
769,0.00,17.98,8.99,17.98,0.00,0.00,27.86,9.29,9.29,27.86,21.78
771,0.00,17.93,8.97,17.93,0.00,0.00,29.86,9.95,9.95,29.86,29.23
773,0.00,6.77,3.38,6.77,0.00,0.00,22.65,7.55,7.55,22.65,35.05
775,0.00,0.00,0.00,0.00,0.00,0.00,12.15,4.05,4.05,12.15,38.08
777,0.00,0.00,0.00,0.00,0.00,0.00,5.40,1.80,1.80,5.40,43.12
779,0.00,0.00,0.00,0.00,0.07,0.00,0.00,0.02,0.02,0.07,38.39
781,3.11,0.00,1.55,3.11,2.07,0.00,0.00,0.69,0.69,2.07,34.14
783,5.80,0.00,2.90,5.80,4.07,0.00,0.00,1.36,1.36,4.07,32.27
785,6.85,0.00,3.43,6.85,6.07,1.01,0.00,2.36,2.36,6.07,27.18
787,14.69,0.00,7.34,14.69,8.07,3.01,0.00,3.69,3.69,8.07,18.40
789,18.39,0.00,9.19,18.39,10.07,5.01,1.84,5.64,5.64,10.07,11.35
791,18.17,3.20,10.68,18.17,12.07,7.01,3.84,7.64,7.64,12.07,10.46
793,15.94,11.05,13.50,15.94,8.07,9.01,5.84,7.64,7.64,9.01,9.26
795,13.51,11.40,12.45,13.51,10.07,11.01,7.84,9.64,9.64,11.01,8.71
797,18.30,11.40,14.85,18.30,12.07,13.01,9.84,11.64,11.64,13.01,9.68
799,18.16,11.40,14.78,18.16,14.07,15.01,11.84,13.64,13.64,15.01,9.36
801,18.12,11.40,14.76,18.12,16.07,17.01,13.84,15.64,15.64,17.01,13.99
803,6.06,11.40,8.73,11.40,18.07,11.47,15.84,15.13,15.13,18.07,18.94
805,0.00,11.40,5.70,11.40,0.00,13.47,17.84,10.44,10.44,17.84,18.14
807,0.00,11.40,5.70,11.40,0.00,3.49,19.84,7.78,7.78,19.84,20.58
809,0.00,11.40,5.70,11.40,0.00,0.00,21.84,7.28,7.28,21.84,22.66
811,0.00,11.40,5.70,11.40,0.00,0.00,23.84,7.95,7.95,23.84,29.81
813,0.00,7.11,3.55,7.11,0.00,0.00,25.84,8.61,8.61,25.84,36.11
815,0.88,0.00,0.44,0.88,1.68,0.00,25.88,9.19,9.19,25.88,37.16
817,5.22,0.00,2.61,5.22,3.68,0.00,0.00,1.23,1.23,3.68,37.44
819,5.07,0.00,2.53,5.07,5.68,0.00,0.00,1.89,1.89,5.68,35.29
821,5.07,0.00,2.53,5.07,7.68,0.15,0.00,2.61,2.61,7.68,30.22
823,8.42,0.00,4.21,8.42,9.68,2.15,0.00,3.95,3.95,9.68,26.28
825,11.34,0.00,5.67,11.34,11.68,4.15,0.00,5.28,5.28,11.68,23.18
827,11.32,5.18,8.25,11.32,13.68,6.15,1.91,7.25,7.25,13.68,18.45
829,17.50,5.46,11.48,17.50,15.68,8.15,3.91,9.25,9.25,15.68,15.91
831,27.93,5.46,16.69,27.93,17.68,10.15,5.91,11.25,11.25,17.68,15.17
833,30.37,5.46,17.91,30.37,19.68,12.15,7.91,13.25,13.25,19.68,11.29
835,30.32,5.46,17.89,30.32,70.79,14.15,9.91,31.62,31.62,70.79,5.25
837,29.87,8.73,19.30,29.87,72.79,16.15,11.91,33.62,33.62,72.79,2.03
839,28.30,16.60,22.45,28.30,74.79,18.15,13.91,35.62,35.62,74.79,0.85
841,25.64,19.07,22.36,25.64,76.79,20.15,15.91,37.62,37.62,76.79,0.84
843,24.19,19.06,21.63,24.19,78.79,22.15,17.91,39.62,39.62,78.79,2.93
845,21.40,19.06,20.23,21.40,80.79,19.81,19.91,40.17,40.17,80.79,4.95
847,0.00,19.06,9.53,19.06,82.79,19.74,21.91,41.48,41.48,82.79,0.00
849,0.00,19.06,9.53,19.06,84.79,0.00,23.91,36.23,36.23,84.79,0.00
851,0.00,19.06,9.53,19.06,0.00,0.00,25.91,8.64,8.64,25.91,1.88
853,0.00,19.04,9.52,19.04,0.00,0.00,27.91,9.30,9.30,27.91,12.76
855,0.00,9.89,4.95,9.89,0.00,0.00,21.92,7.31,7.31,21.92,19.05
857,0.00,0.61,0.31,0.61,0.00,0.00,19.51,6.50,6.50,19.51,0.73
859,0.00,5.61,2.81,5.61,0.00,0.00,21.51,7.17,7.17,21.51,18.35
861,0.00,5.50,2.75,5.50,0.00,0.00,23.51,7.84,7.84,23.51,27.24
863,0.00,5.50,2.75,5.50,0.00,0.00,25.51,8.50,8.50,25.51,33.63
865,0.00,5.50,2.75,5.50,0.00,0.00,27.51,9.17,9.17,27.51,36.63
867,0.00,5.50,2.75,5.50,0.00,0.00,29.51,9.84,9.84,29.51,37.31
869,0.00,5.50,2.75,5.50,0.00,0.00,31.51,10.50,10.50,31.51,32.97
871,0.00,5.50,2.75,5.50,0.00,0.00,33.51,11.17,11.17,33.51,29.19
873,1.46,5.50,3.48,5.50,0.00,1.60,35.51,12.37,12.37,35.51,30.08
875,5.65,5.50,5.57,5.65,0.00,3.60,37.51,13.70,13.70,37.51,30.53
877,11.78,5.50,8.64,11.78,0.00,5.60,39.51,15.04,15.04,39.51,27.17
879,11.58,5.50,8.54,11.58,0.00,7.60,41.51,16.37,16.37,41.51,25.39
881,9.93,5.50,7.71,9.93,1.83,9.60,43.51,18.32,18.32,43.51,22.20
883,0.00,5.50,2.75,5.50,3.83,9.50,45.51,19.62,19.62,45.51,17.39
885,0.00,5.50,2.75,5.50,5.83,0.00,47.51,17.78,17.78,47.51,9.40
887,0.00,11.07,5.53,11.07,5.36,0.00,49.51,18.29,18.29,49.51,0.48
889,0.00,18.58,9.29,18.58,0.00,0.00,51.51,17.17,17.17,51.51,0.00
891,0.00,18.31,9.16,18.31,0.00,0.00,53.51,17.84,17.84,53.51,12.14
893,0.00,18.28,9.14,18.28,0.00,0.00,55.51,18.50,18.50,55.51,24.43
895,0.00,8.63,4.32,8.63,0.00,0.00,11.04,3.68,3.68,11.04,40.11
897,0.00,0.00,0.00,0.00,0.00,0.00,11.68,3.89,3.89,11.68,44.10
899,0.00,0.00,0.00,0.00,0.00,0.00,0.00,0.00,0.00,0.00,43.83
901,0.00,0.00,0.00,0.00,0.00,0.00,0.00,0.00,0.00,0.00,37.51
903,0.00,0.00,0.00,0.00,0.00,0.00,0.00,0.00,0.00,0.00,38.69
905,1.08,0.00,0.54,1.08,0.00,1.51,0.00,0.50,0.50,1.51,36.75
907,4.76,0.00,2.38,4.76,0.00,3.51,0.00,1.17,1.17,3.51,35.27
909,4.63,0.00,2.31,4.63,0.00,5.51,0.00,1.84,1.84,5.51,31.52
911,4.63,0.00,2.31,4.63,0.00,7.51,0.00,2.50,2.50,7.51,27.19
913,4.63,3.70,4.16,4.63,0.00,9.51,1.45,3.66,3.66,9.51,22.02
915,7.66,5.30,6.48,7.66,0.00,11.51,3.45,4.99,4.99,11.51,21.60
917,10.93,5.29,8.11,10.93,0.00,13.51,5.45,6.32,6.32,13.51,21.23
919,12.01,5.29,8.65,12.01,0.00,15.51,7.45,7.66,7.66,15.51,23.51
921,17.60,5.29,11.45,17.60,0.00,17.51,9.45,8.99,8.99,17.51,25.87
923,9.87,11.03,10.45,11.03,0.00,10.43,11.45,7.29,7.29,11.45,25.61
925,0.00,11.41,5.70,11.41,0.36,8.17,13.45,7.33,7.33,13.45,26.55
927,0.00,11.41,5.70,11.41,2.36,0.00,15.45,5.94,5.94,15.45,26.62
929,0.00,11.41,5.70,11.41,4.36,1.24,17.45,7.69,7.69,17.45,26.88
931,0.00,11.41,5.70,11.41,0.00,3.24,19.45,7.57,7.57,19.45,29.52
933,1.08,7.62,4.35,7.62,0.56,5.24,21.45,9.09,9.09,21.45,28.58
935,8.25,0.00,4.12,8.25,2.56,7.24,14.69,8.16,8.16,14.69,22.14
937,16.13,0.00,8.06,16.13,4.56,9.24,0.00,4.60,4.60,9.24,20.08
939,19.58,0.00,9.79,19.58,6.56,11.24,0.00,5.93,5.93,11.24,16.42
941,26.38,0.00,13.19,26.38,8.56,13.24,0.00,7.27,7.27,13.24,11.65
943,32.37,0.00,16.18,32.37,10.56,15.24,0.00,8.60,8.60,15.24,7.92
945,37.50,0.00,18.75,37.50,12.56,17.24,0.00,9.93,9.93,17.24,8.72
947,43.15,0.00,21.57,43.15,14.56,19.24,0.00,11.27,11.27,19.24,7.55
949,42.99,0.00,21.50,42.99,16.56,21.24,0.00,12.60,12.60,21.24,6.59
951,42.99,0.81,21.90,42.99,18.56,23.24,1.61,14.47,14.47,23.24,8.86
953,42.99,4.83,23.91,42.99,20.56,25.24,3.61,16.47,16.47,25.24,9.96
955,42.99,4.70,23.85,42.99,22.56,27.24,5.61,18.47,18.47,27.24,11.82
957,43.63,4.70,24.16,43.63,24.56,29.24,7.61,20.47,20.47,29.24,10.84
959,48.71,4.70,26.70,48.71,26.56,31.24,9.61,22.47,22.47,31.24,9.06
961,48.53,4.70,26.61,48.53,28.56,33.24,11.61,24.47,24.47,33.24,5.43
963,53.70,4.70,29.20,53.70,30.56,35.24,13.61,26.47,26.47,35.24,7.47
965,58.46,4.70,31.58,58.46,32.56,37.24,15.61,28.47,28.47,37.24,5.40
967,66.92,4.70,35.81,66.92,34.56,38.36,17.61,30.18,30.18,38.36,6.43
969,67.54,4.70,36.12,67.54,36.56,32.40,19.61,29.53,29.53,36.56,7.26
971,69.92,4.70,37.31,69.92,30.75,34.40,21.61,28.92,28.92,34.40,6.77
973,74.90,4.61,39.75,74.90,32.75,,23.61,,,,5.26
975,74.82,0.20,37.51,74.82,34.75,,25.61,,,,6.75
977,74.80,0.00,37.40,74.80,36.75,,,,,,9.24
979,63.62,0.00,31.81,63.62,38.75,,,,,,11.50
981,25.70,0.00,12.85,25.70,40.75,,,,,,7.12
983,31.76,0.00,15.88,31.76,42.75,,,,,,2.09
985,37.58,2.62,20.10,37.58,44.75,,,,,,0.12
987,44.08,4.82,24.45,44.08,46.75,,,,,,0.00
989,43.91,4.80,24.35,43.91,48.75,,,,,,0.00
991,43.91,4.80,24.35,43.91,50.75,,,,,,0.00
993,43.91,4.80,24.35,43.91,52.75,,,,,,0.53
995,43.91,4.80,24.35,43.91,54.75,,,,,,6.10
997,43.91,4.80,24.35,43.91,,,,,,,7.32
999,43.91,4.80,24.35,43.91,,,,,,,8.52
1001,43.70,4.80,24.25,43.70,,,,,,,8.11
