time,queue_main,queue_right,queue_avg,queue_max,delay_route_1,delay_route_2,delay_route_3,delay_avg_1,delay_avg_2,delay_max,speed
1,0.00,0.00,0.00,0.00,0.00,0.00,0.00,0.00,0.00,0.00,60.00
3,0.00,0.00,0.00,0.00,0.00,0.00,0.00,0.00,0.00,0.00,60.00
5,0.00,0.00,0.00,0.00,0.00,0.00,0.00,0.00,0.00,0.00,60.00
7,0.00,0.00,0.00,0.00,0.00,0.00,0.00,0.00,0.00,0.00,60.00
9,0.00,0.00,0.00,0.00,0.00,0.00,0.00,0.00,0.00,0.00,60.00
11,0.00,0.00,0.00,0.00,0.00,0.00,0.00,0.00,0.00,0.00,60.00
13,0.00,0.00,0.00,0.00,0.00,0.00,0.00,0.00,0.00,0.00,60.00
15,0.00,0.00,0.00,0.00,0.00,0.00,0.00,0.00,0.00,0.00,60.00
17,0.00,0.00,0.00,0.00,0.00,0.00,0.00,0.00,0.00,0.00,60.00
19,0.00,0.00,0.00,0.00,0.00,0.00,0.00,0.00,0.00,0.00,60.00
21,0.00,0.00,0.00,0.00,0.00,0.00,0.00,0.00,0.00,0.00,60.00
23,0.00,0.00,0.00,0.00,0.00,0.00,0.00,0.00,0.00,0.00,60.00
25,0.00,0.00,0.00,0.00,0.00,0.00,0.00,0.00,0.00,0.00,60.00
27,0.00,0.00,0.00,0.00,0.00,0.00,0.00,0.00,0.00,0.00,60.00
29,0.00,0.00,0.00,0.00,0.00,0.00,0.00,0.00,0.00,0.00,60.00
31,0.00,0.00,0.00,0.00,0.00,0.00,0.00,0.00,0.00,0.00,60.00
33,0.00,0.00,0.00,0.00,0.00,0.00,0.00,0.00,0.00,0.00,60.00
35,0.00,0.00,0.00,0.00,0.00,0.00,0.00,0.00,0.00,0.00,60.00
37,0.00,0.00,0.00,0.00,0.00,0.00,0.00,0.00,0.00,0.00,60.00
39,0.00,0.00,0.00,0.00,0.00,0.00,0.00,0.00,0.00,0.00,60.00
41,0.00,0.00,0.00,0.00,0.00,0.00,0.00,0.00,0.00,0.00,60.00
43,0.00,0.00,0.00,0.00,0.00,0.00,0.00,0.00,0.00,0.00,60.00
45,0.00,0.00,0.00,0.00,0.00,0.00,0.00,0.00,0.00,0.00,60.00
47,0.00,0.00,0.00,0.00,0.00,0.00,0.00,0.00,0.00,0.00,60.00
49,0.00,0.00,0.00,0.00,0.00,0.00,0.00,0.00,0.00,0.00,60.00
51,0.00,0.00,0.00,0.00,0.00,0.00,0.00,0.00,0.00,0.00,60.00
53,0.00,0.00,0.00,0.00,0.00,0.00,0.00,0.00,0.00,0.00,60.00
55,0.00,0.00,0.00,0.00,0.00,0.00,0.00,0.00,0.00,0.00,63.45
57,0.00,0.00,0.00,0.00,0.00,0.00,0.00,0.00,0.00,0.00,63.45
59,0.00,0.00,0.00,0.00,0.00,0.00,0.00,0.00,0.00,0.00,63.45
61,0.00,0.00,0.00,0.00,0.00,0.00,0.00,0.00,0.00,0.00,53.03
63,0.00,0.00,0.00,0.00,0.00,0.00,0.00,0.00,0.00,0.00,40.81
65,0.00,0.00,0.00,0.00,0.00,0.00,0.00,0.00,0.00,0.00,21.59
67,0.00,0.00,0.00,0.00,1.97,0.00,0.00,0.66,1.18,1.97,5.00
69,2.35,0.00,1.17,2.35,3.97,0.00,0.00,1.32,2.38,3.97,0.00
71,4.29,0.00,2.15,4.29,5.97,0.00,0.00,1.99,3.58,5.97,17.17
73,4.27,0.00,2.14,4.27,7.97,0.00,0.00,2.66,4.78,7.97,23.05
75,2.99,0.00,1.49,2.99,9.97,0.00,0.00,3.32,5.98,9.97,42.62
77,0.00,0.00,0.00,0.00,0.00,0.00,0.00,0.00,0.00,0.00,45.97
79,0.00,0.00,0.00,0.00,0.00,0.00,0.00,0.00,0.00,0.00,48.87
81,0.00,0.00,0.00,0.00,0.00,0.00,0.00,0.00,0.00,0.00,39.08
83,0.00,0.00,0.00,0.00,1.26,0.00,0.00,0.42,0.75,1.26,36.74
85,0.00,0.00,0.00,0.00,3.26,0.00,0.00,1.09,1.95,3.26,42.41
87,0.00,0.00,0.00,0.00,1.01,0.00,0.00,0.34,0.61,1.01,62.00
89,0.00,0.00,0.00,0.00,3.01,0.00,0.00,1.00,1.81,3.01,54.92
91,0.00,0.00,0.00,0.00,0.00,0.00,0.00,0.00,0.00,0.00,33.66
93,0.00,0.00,0.00,0.00,0.00,0.00,0.00,0.00,0.00,0.00,20.74
95,0.00,0.00,0.00,0.00,0.00,0.00,0.00,0.00,0.00,0.00,23.83
97,0.00,5.12,2.56,5.12,0.00,0.00,1.99,0.66,0.40,1.99,30.73
99,0.00,5.73,2.87,5.73,0.00,0.00,3.99,1.33,0.80,3.99,32.00
101,0.00,5.73,2.87,5.73,0.00,0.00,5.99,2.00,1.20,5.99,31.31
103,0.00,5.73,2.87,5.73,0.00,0.00,7.99,2.66,1.60,7.99,28.89
105,0.00,5.73,2.87,5.73,0.00,0.00,9.99,3.33,2.00,9.99,26.00
107,0.00,5.73,2.87,5.73,0.73,0.00,11.99,4.24,2.84,11.99,24.65
109,0.00,5.73,2.87,5.73,0.00,0.00,13.99,4.66,2.80,13.99,30.82
111,0.00,5.73,2.87,5.73,0.00,0.00,15.99,5.33,3.20,15.99,24.46
113,0.00,5.73,2.87,5.73,0.00,1.25,17.99,6.41,3.85,17.99,33.52
115,0.00,5.64,2.82,5.64,0.00,0.00,19.99,6.66,4.00,19.99,56.16
117,0.00,0.25,0.12,0.25,0.00,0.00,21.99,7.33,4.40,21.99,52.94
119,0.00,0.00,0.00,0.00,0.00,0.00,0.00,0.00,0.00,0.00,40.48
121,0.00,0.00,0.00,0.00,0.92,0.00,0.00,0.31,0.55,0.92,33.81
123,0.00,0.00,0.00,0.00,2.92,0.00,0.00,0.97,1.75,2.92,31.33
125,0.32,0.00,0.16,0.32,0.00,1.51,0.00,0.50,0.30,1.51,34.11
127,5.73,0.00,2.87,5.73,0.00,3.51,0.00,1.17,0.70,3.51,36.87
129,5.57,0.00,2.78,5.57,0.00,5.51,0.00,1.84,1.10,5.51,35.77
131,5.57,0.00,2.78,5.57,0.00,7.51,0.00,2.50,1.50,7.51,28.97
133,5.57,0.00,2.78,5.57,1.08,9.51,0.00,3.53,2.55,9.51,19.49
135,11.72,0.00,5.86,11.72,3.08,11.51,0.00,4.86,4.15,11.51,12.89
137,20.60,0.00,10.30,20.60,5.08,13.51,0.00,6.20,5.75,13.51,12.35
139,24.87,0.00,12.44,24.87,7.08,0.00,0.00,2.36,4.25,7.08,10.72
141,21.58,0.00,10.79,21.58,7.04,0.00,0.00,2.35,4.22,7.04,9.22
143,4.68,0.00,2.34,4.68,9.04,0.00,0.00,3.01,5.42,9.04,10.99
145,0.00,0.00,0.00,0.00,10.02,0.00,0.00,3.34,6.01,10.02,6.42
147,4.47,0.00,2.23,4.47,12.02,0.00,0.00,4.01,7.21,12.02,0.69
149,10.78,0.00,5.39,10.78,14.02,0.00,0.00,4.67,8.41,14.02,0.00
151,10.88,0.00,5.44,10.88,16.02,0.00,0.00,5.34,9.61,16.02,13.45
153,10.88,0.00,5.44,10.88,18.02,0.00,0.00,6.01,10.81,18.02,16.59
155,10.88,0.00,5.44,10.88,20.02,0.00,0.00,6.67,12.01,20.02,32.10
157,7.27,0.00,3.63,7.27,18.02,0.00,0.00,6.01,10.81,18.02,64.41
159,0.00,0.00,0.00,0.00,20.02,0.00,0.00,6.67,12.01,20.02,36.78
161,0.00,0.00,0.00,0.00,0.00,0.00,0.00,0.00,0.00,0.00,31.60
163,0.00,0.00,0.00,0.00,0.00,0.00,0.52,0.17,0.10,0.52,27.64
165,0.00,1.17,0.58,1.17,0.00,0.00,2.52,0.84,0.50,2.52,28.75
167,0.00,5.25,2.62,5.25,0.00,0.00,4.52,1.51,0.90,4.52,34.74
169,0.00,5.13,2.57,5.13,0.00,0.00,6.52,2.17,1.30,6.52,34.60
171,0.00,5.13,2.57,5.13,0.00,0.00,8.52,2.84,1.70,8.52,33.19
173,0.00,5.13,2.57,5.13,1.78,0.00,10.52,4.10,3.17,10.52,28.36
175,1.17,5.13,3.15,5.13,3.78,0.00,12.52,5.43,4.77,12.52,21.97
177,2.50,5.13,3.82,5.13,5.78,0.00,14.52,6.77,6.37,14.52,12.32
179,0.00,7.30,3.65,7.30,7.78,0.00,16.52,8.10,7.97,16.52,5.21
181,0.00,11.79,5.90,11.79,9.78,0.00,18.52,9.43,9.57,18.52,1.12
183,0.00,15.49,7.75,15.49,11.78,0.00,20.52,10.77,11.17,20.52,0.00
185,0.00,18.20,9.10,18.20,13.78,0.00,22.52,12.10,12.77,22.52,0.00
187,0.00,18.19,9.09,18.19,15.78,0.00,24.52,13.43,14.37,24.52,0.00
189,0.00,18.19,9.09,18.19,17.78,0.00,26.52,14.77,15.97,26.52,0.00
191,0.00,18.19,9.09,18.19,19.78,0.00,28.52,16.10,17.57,28.52,0.00
193,0.00,18.19,9.09,18.19,21.78,0.00,30.52,17.43,19.17,30.52,0.00
195,0.00,18.19,9.09,18.19,23.78,0.00,32.52,18.77,20.77,32.52,0.00
197,0.00,18.19,9.09,18.19,25.78,0.00,34.52,20.10,22.37,34.52,0.00
199,0.00,18.19,9.09,18.19,27.78,0.00,36.52,21.43,23.97,36.52,0.00
201,0.00,18.19,9.09,18.19,29.78,0.00,38.52,22.77,25.57,38.52,7.82
203,0.00,18.19,9.09,18.19,31.78,0.00,40.52,24.10,27.17,40.52,14.15
205,0.00,18.19,9.09,18.19,33.78,0.00,42.52,25.43,28.77,42.52,21.69
207,0.00,18.14,9.07,18.14,35.78,0.00,44.52,26.77,30.37,44.52,30.91
209,0.00,7.68,3.84,7.68,37.78,0.00,31.13,22.97,28.89,37.78,31.23
211,0.00,0.00,0.00,0.00,39.78,0.00,29.57,23.12,29.78,39.78,22.01
213,0.00,0.00,0.00,0.00,41.78,0.15,0.00,13.98,25.10,41.78,9.63
215,5.99,0.00,2.99,5.99,43.78,2.15,0.00,15.31,26.70,43.78,5.65
217,9.61,0.00,4.80,9.61,0.00,4.15,0.00,1.38,0.83,4.15,6.79
219,8.83,0.00,4.42,8.83,0.00,6.15,0.00,2.05,1.23,6.15,12.68
221,12.48,0.00,6.24,12.48,0.00,8.15,0.00,2.72,1.63,8.15,16.14
223,12.42,0.00,6.21,12.42,0.00,10.15,0.00,3.38,2.03,10.15,19.28
225,12.42,0.00,6.21,12.42,0.00,12.15,0.00,4.05,2.43,12.15,19.97
227,12.42,0.00,6.21,12.42,0.00,14.15,0.00,4.72,2.83,14.15,16.71
229,12.42,0.00,6.21,12.42,0.00,16.15,0.00,5.38,3.23,16.15,14.95
231,12.42,0.00,6.21,12.42,0.00,18.15,0.00,6.05,3.63,18.15,18.39
233,17.24,0.00,8.62,17.24,0.00,20.15,0.00,6.72,4.03,20.15,21.90
235,19.46,0.00,9.73,19.46,0.00,22.15,0.00,7.38,4.43,22.15,26.43
237,19.44,0.00,9.72,19.44,0.00,24.15,0.00,8.05,4.83,24.15,26.62
239,8.41,0.00,4.21,8.41,0.00,24.28,0.00,8.09,4.86,24.28,26.20
241,0.00,0.00,0.00,0.00,0.00,10.61,1.02,3.88,2.33,10.61,22.79
243,0.00,4.58,2.29,4.58,0.00,0.00,3.02,1.01,0.60,3.02,24.76
245,0.00,5.76,2.88,5.76,0.78,0.00,5.02,1.93,1.47,5.02,23.88
247,0.00,5.75,2.88,5.75,2.78,0.00,7.02,3.27,3.07,7.02,23.07
249,0.00,5.75,2.88,5.75,0.00,0.00,9.02,3.01,1.80,9.02,26.25
251,0.00,5.75,2.88,5.75,0.00,0.00,11.02,3.67,2.20,11.02,24.07
253,0.00,5.75,2.88,5.75,0.70,0.00,13.02,4.57,3.02,13.02,24.20
255,0.00,5.75,2.88,5.75,2.70,0.00,15.02,5.91,4.62,15.02,26.96
257,2.18,5.75,3.97,5.75,4.70,0.00,17.02,7.24,6.22,17.02,30.85
259,4.93,5.75,5.34,5.75,6.70,0.00,19.02,8.57,7.82,19.02,30.80
261,4.88,5.75,5.32,5.75,8.70,0.00,21.02,9.91,9.42,21.02,27.00
263,4.88,5.75,5.32,5.75,10.70,0.00,23.02,11.24,11.02,23.02,22.12
265,3.65,5.75,4.70,5.75,12.70,0.00,25.02,12.57,12.62,25.02,20.62
267,0.00,6.16,3.08,6.16,2.57,0.03,27.02,9.87,6.95,27.02,20.82
269,0.00,13.20,6.60,13.20,4.57,2.03,29.02,11.87,8.95,29.02,20.71
271,3.23,12.96,8.10,12.96,0.00,4.03,31.02,11.68,7.01,31.02,20.80
273,4.96,12.96,8.96,12.96,0.00,6.03,33.02,13.02,7.81,33.02,19.85
275,4.86,12.96,8.91,12.96,0.00,8.03,35.02,14.35,8.61,35.02,25.91
277,0.21,9.37,4.79,9.37,0.00,10.03,37.02,15.68,9.41,37.02,26.11
279,0.00,0.00,0.00,0.00,1.61,0.35,12.88,4.95,3.61,12.88,22.64
281,0.00,0.00,0.00,0.00,3.61,2.35,8.44,4.80,4.33,8.44,60.00
283,0.00,0.00,0.00,0.00,0.00,4.35,0.00,1.45,0.87,4.35,60.00
285,0.00,0.00,0.00,0.00,0.00,0.00,0.00,0.00,0.00,0.00,60.00
287,0.00,0.00,0.00,0.00,0.00,0.00,0.00,0.00,0.00,0.00,60.00
289,0.00,0.00,0.00,0.00,0.00,0.00,0.00,0.00,0.00,0.00,60.00
291,0.00,0.00,0.00,0.00,0.00,0.00,0.00,0.00,0.00,0.00,33.87
293,0.00,0.00,0.00,0.00,0.00,0.00,0.00,0.00,0.00,0.00,39.17
295,0.00,0.00,0.00,0.00,0.00,0.00,0.00,0.00,0.00,0.00,49.65
297,0.00,0.00,0.00,0.00,0.00,0.00,0.00,0.00,0.00,0.00,55.43
299,0.00,0.00,0.00,0.00,0.00,0.00,0.00,0.00,0.00,0.00,51.21
301,0.00,0.00,0.00,0.00,0.15,0.00,0.00,0.05,0.09,0.15,39.45
303,0.00,0.00,0.00,0.00,2.15,0.00,0.00,0.72,1.29,2.15,30.29
305,0.00,0.00,0.00,0.00,4.15,0.00,0.00,1.38,2.49,4.15,36.94
307,0.00,0.00,0.00,0.00,0.00,0.00,0.00,0.00,0.00,0.00,48.05
309,0.00,0.00,0.00,0.00,1.30,0.00,0.00,0.43,0.78,1.30,39.96
311,0.00,0.00,0.00,0.00,0.00,0.00,0.00,0.00,0.00,0.00,40.46
313,0.00,0.00,0.00,0.00,1.68,0.00,0.00,0.56,1.01,1.68,41.06
315,0.00,0.00,0.00,0.00,3.68,0.00,0.00,1.23,2.21,3.68,40.49
317,2.41,0.00,1.21,2.41,5.68,0.00,0.00,1.89,3.41,5.68,37.65
319,4.41,0.00,2.21,4.41,7.68,0.00,0.00,2.56,4.61,7.68,31.31
321,4.39,0.00,2.20,4.39,9.68,0.00,0.00,3.23,5.81,9.68,25.23
323,4.39,0.32,2.36,4.39,11.68,0.00,0.17,3.95,7.04,11.68,20.23
325,4.39,5.85,5.12,5.85,13.68,0.00,2.17,5.29,8.64,13.68,17.79
327,11.47,5.94,8.71,11.47,15.68,0.00,4.17,6.62,10.24,15.68,19.45
329,11.22,11.05,11.14,11.22,17.68,0.00,6.17,7.95,11.84,17.68,20.07
331,11.22,10.86,11.04,11.22,19.68,0.00,8.17,9.29,13.44,19.68,19.62
333,11.22,10.86,11.04,11.22,21.68,0.00,10.17,10.62,15.04,21.68,18.63
335,17.46,10.86,14.16,17.46,23.68,0.00,12.17,11.95,16.64,23.68,17.71
337,17.49,14.27,15.88,17.49,14.76,0.00,14.17,9.64,11.69,14.76,16.96
339,10.71,16.67,13.69,16.67,16.76,0.00,16.17,10.98,13.29,16.76,17.44
341,0.00,16.65,8.33,16.65,6.29,0.00,18.17,8.16,7.41,18.17,15.90
343,0.00,16.65,8.33,16.65,8.29,0.00,20.17,9.49,9.01,20.17,13.69
345,5.08,16.65,10.87,16.65,7.25,0.00,22.17,9.81,8.79,22.17,10.38
347,10.76,16.65,13.71,16.65,9.25,0.00,24.17,11.14,10.39,24.17,7.05
349,16.55,16.65,16.60,16.65,11.25,0.00,26.17,12.48,11.99,26.17,3.74
351,16.61,16.65,16.63,16.65,13.25,0.00,28.17,13.81,13.59,28.17,1.16
353,18.73,16.65,17.69,18.73,15.25,0.00,30.17,15.14,15.19,30.17,3.83
355,23.12,16.65,19.88,23.12,17.25,0.00,32.17,16.48,16.79,32.17,8.03
357,23.04,16.54,19.79,23.04,15.41,0.00,34.17,16.53,16.08,34.17,16.61
359,18.01,3.85,10.93,18.01,17.41,0.00,33.98,17.13,17.24,33.98,34.01
361,0.00,0.00,0.00,0.00,15.13,0.00,25.79,13.64,14.23,25.79,44.39
363,0.00,0.00,0.00,0.00,9.85,0.00,0.00,3.28,5.91,9.85,47.22
365,0.00,0.00,0.00,0.00,0.00,0.00,0.00,0.00,0.00,0.00,47.30
367,0.00,0.00,0.00,0.00,0.00,0.00,0.82,0.27,0.16,0.82,42.44
369,0.00,0.00,0.00,0.00,0.00,0.00,2.82,0.94,0.56,2.82,32.86
371,0.00,4.59,2.29,4.59,0.50,0.00,4.82,1.77,1.26,4.82,30.09
373,0.00,5.09,2.54,5.09,2.50,0.00,6.82,3.11,2.86,6.82,30.79
375,0.00,5.09,2.54,5.09,0.00,1.18,8.82,3.33,2.00,8.82,32.00
377,2.74,5.09,3.92,5.09,0.00,3.18,10.82,4.67,2.80,10.82,31.67
379,5.62,5.09,5.35,5.62,0.00,5.18,12.82,6.00,3.60,12.82,27.32
381,5.59,5.09,5.34,5.59,0.00,7.18,14.82,7.33,4.40,14.82,21.65
383,5.59,5.09,5.34,5.59,0.49,9.18,16.82,8.83,5.50,16.82,17.78
385,14.39,5.00,9.69,14.39,2.49,11.18,18.82,10.83,7.50,18.82,23.99
387,22.07,0.43,11.25,22.07,4.49,13.18,20.82,12.83,9.50,20.82,27.58
389,25.01,0.00,12.51,25.01,6.49,3.32,0.00,3.27,4.56,6.49,33.15
391,20.82,0.00,10.41,20.82,6.01,5.32,0.00,3.78,4.67,6.01,36.15
393,0.00,0.00,0.00,0.00,8.01,7.32,0.11,5.15,6.29,8.01,38.37
395,0.00,0.00,0.00,0.00,0.00,9.32,0.00,3.11,1.86,9.32,34.55
397,0.00,0.00,0.00,0.00,1.96,0.00,0.00,0.65,1.17,1.96,23.54
399,0.00,0.00,0.00,0.00,3.31,0.00,0.00,1.10,1.99,3.31,60.00
401,0.00,0.00,0.00,0.00,0.00,0.00,0.00,0.00,0.00,0.00,60.00
403,0.00,0.00,0.00,0.00,0.00,0.00,0.00,0.00,0.00,0.00,60.00
405,0.00,0.00,0.00,0.00,0.00,0.00,0.00,0.00,0.00,0.00,60.00
407,0.00,0.00,0.00,0.00,0.00,0.00,0.00,0.00,0.00,0.00,60.00
409,0.00,0.00,0.00,0.00,0.00,0.00,0.00,0.00,0.00,0.00,60.00
411,0.00,0.00,0.00,0.00,0.00,0.00,0.00,0.00,0.00,0.00,60.00
413,0.00,0.00,0.00,0.00,0.00,0.00,0.00,0.00,0.00,0.00,60.00
415,0.00,0.00,0.00,0.00,0.00,0.00,0.00,0.00,0.00,0.00,60.00
417,0.00,0.00,0.00,0.00,0.00,0.00,0.00,0.00,0.00,0.00,60.00
419,0.00,0.00,0.00,0.00,0.00,0.00,0.00,0.00,0.00,0.00,60.00
421,0.00,0.00,0.00,0.00,0.00,0.00,0.00,0.00,0.00,0.00,26.75
423,0.00,0.00,0.00,0.00,0.00,0.00,0.00,0.00,0.00,0.00,38.01
425,0.00,0.00,0.00,0.00,0.00,0.00,0.00,0.00,0.00,0.00,48.01
427,0.00,0.00,0.00,0.00,0.00,0.00,0.00,0.00,0.00,0.00,56.84
429,0.00,0.00,0.00,0.00,0.00,0.00,0.00,0.00,0.00,0.00,56.12
431,0.00,0.00,0.00,0.00,0.00,0.00,0.00,0.00,0.00,0.00,41.29
433,0.00,0.00,0.00,0.00,0.00,0.00,0.00,0.00,0.00,0.00,21.98
435,0.00,0.00,0.00,0.00,1.75,0.00,0.00,0.58,1.05,1.75,6.27
437,1.86,0.00,0.93,1.86,3.75,0.00,0.00,1.25,2.25,3.75,60.00
439,0.86,0.00,0.43,0.86,5.75,0.00,0.00,1.92,3.45,5.75,39.03
441,0.00,0.00,0.00,0.00,7.75,0.00,0.00,2.58,4.65,7.75,49.47
443,0.00,0.00,0.00,0.00,9.75,0.00,0.00,3.25,5.85,9.75,58.65
445,0.00,0.00,0.00,0.00,11.75,0.00,0.00,3.92,7.05,11.75,64.38
447,0.00,0.00,0.00,0.00,13.75,0.00,0.00,4.58,8.25,13.75,36.47
449,0.00,0.00,0.00,0.00,15.75,0.00,0.00,5.25,9.45,15.75,29.69
451,0.00,0.00,0.00,0.00,17.75,0.00,0.29,6.02,10.71,17.75,29.84
453,0.00,1.84,0.92,1.84,19.75,0.00,2.29,7.35,12.31,19.75,32.46
455,0.00,5.58,2.79,5.58,21.75,0.00,4.29,8.68,13.91,21.75,36.27
457,0.00,5.51,2.76,5.51,0.00,0.00,6.29,2.10,1.26,6.29,37.53
459,0.00,5.51,2.76,5.51,0.00,0.00,8.29,2.76,1.66,8.29,31.12
461,0.00,5.51,2.76,5.51,0.00,0.00,10.29,3.43,2.06,10.29,29.80
463,0.00,5.51,2.76,5.51,0.18,0.00,12.29,4.16,2.57,12.29,27.91
465,0.00,9.15,4.57,9.15,0.22,0.00,14.29,4.84,2.99,14.29,23.93
467,0.00,11.18,5.59,11.18,2.22,0.57,16.29,6.36,4.71,16.29,20.86
469,0.00,11.17,5.58,11.17,0.00,2.57,18.29,6.95,4.17,18.29,20.29
471,0.00,11.17,5.58,11.17,0.00,0.00,20.29,6.76,4.06,20.29,19.85
473,0.00,11.17,5.58,11.17,0.40,0.00,22.29,7.56,4.70,22.29,21.94
475,0.74,11.17,5.95,11.17,2.40,0.00,24.29,8.90,6.30,24.29,28.62
477,0.47,11.17,5.82,11.17,4.40,0.00,26.29,10.23,7.90,26.29,28.06
479,0.00,11.17,5.58,11.17,0.00,0.00,28.29,9.43,5.66,28.29,25.60
481,0.00,11.17,5.58,11.17,0.00,0.59,30.29,10.29,6.18,30.29,23.46
483,2.63,11.17,6.90,11.17,0.00,2.59,32.29,11.63,6.98,32.29,22.08
485,9.98,11.17,10.57,11.17,0.00,4.59,34.29,12.96,7.78,34.29,24.46
487,13.99,8.50,11.25,13.99,0.00,6.59,36.29,14.29,8.58,36.29,21.73
489,16.33,0.00,8.17,16.33,0.00,8.59,26.03,11.54,6.92,26.03,15.53
491,16.32,0.00,8.16,16.32,0.72,10.59,0.00,3.77,2.55,10.59,14.05
493,23.05,0.00,11.52,23.05,2.72,12.59,0.00,5.10,4.15,12.59,17.08
495,29.94,0.00,14.97,29.94,4.72,14.59,0.00,6.43,5.75,14.59,20.70
497,29.75,0.00,14.87,29.75,6.72,16.59,0.00,7.77,7.35,16.59,24.67
499,29.75,0.00,14.87,29.75,8.72,18.59,0.00,9.10,8.95,18.59,27.33
501,17.52,0.00,8.76,17.52,10.72,17.37,0.00,9.36,9.90,17.37,27.92
503,0.00,0.00,0.00,0.00,12.72,10.62,0.00,7.78,9.75,12.72,25.36
505,0.85,0.00,0.42,0.85,2.73,12.62,0.00,5.12,4.16,12.62,19.75
507,7.38,0.00,3.69,7.38,4.73,14.62,0.38,6.58,5.84,14.62,9.52
509,18.69,0.00,9.35,18.69,6.73,16.62,2.38,8.58,7.84,16.62,8.28
511,21.82,3.20,12.51,21.82,8.73,18.62,4.38,10.58,9.84,18.62,13.47
513,24.44,4.99,14.72,24.44,10.73,20.62,6.38,12.58,11.84,20.62,16.02
515,24.42,4.99,14.70,24.42,12.73,22.62,8.38,14.58,13.84,22.62,16.56
517,24.42,4.99,14.70,24.42,14.73,24.62,10.38,16.58,15.84,24.62,17.97
519,23.84,4.99,14.41,23.84,16.73,0.00,12.38,9.70,12.52,16.73,20.07
521,20.26,4.99,12.62,20.26,16.41,0.00,14.38,10.26,12.72,16.41,14.62
523,2.66,4.99,3.82,4.99,16.15,1.67,16.38,11.40,13.30,16.38,13.97
525,0.00,4.99,2.49,4.99,18.15,3.67,18.38,13.40,15.30,18.38,20.82
527,0.00,4.99,2.49,4.99,5.86,5.67,20.38,10.64,8.73,20.38,24.19
529,0.00,4.99,2.49,4.99,7.86,7.67,22.38,12.64,10.73,22.38,28.36
531,0.00,4.99,2.49,4.99,2.49,9.67,24.38,12.18,8.30,24.38,32.03
533,0.00,4.99,2.49,4.99,4.49,0.00,26.38,10.29,7.97,26.38,33.22
535,0.00,4.90,2.45,4.90,6.49,0.00,28.38,11.62,9.57,28.38,37.62
537,4.22,0.21,2.22,4.22,8.49,0.00,30.38,12.96,11.17,30.38,35.08
539,4.02,0.00,2.01,4.02,10.49,0.00,0.00,3.50,6.29,10.49,28.55
541,7.14,0.00,3.57,7.14,12.49,0.00,0.00,4.16,7.49,12.49,18.87
543,11.31,0.00,5.65,11.31,14.49,0.00,1.84,5.44,9.06,14.49,17.89
545,14.50,0.00,7.25,14.50,16.49,0.00,0.00,5.50,9.89,16.49,18.28
547,17.30,0.00,8.65,17.30,11.82,0.00,0.09,3.97,7.11,11.82,22.30
549,9.74,1.66,5.70,9.74,13.82,0.00,2.09,5.30,8.71,13.82,25.42
551,0.00,6.08,3.04,6.08,8.29,0.00,4.09,4.12,5.79,8.29,34.30
553,0.00,5.99,2.99,5.99,0.00,0.00,6.09,2.03,1.22,6.09,35.35
555,0.00,5.99,2.99,5.99,0.00,0.00,8.09,2.70,1.62,8.09,33.13
557,0.00,5.99,2.99,5.99,1.22,0.00,10.09,3.77,2.75,10.09,32.55
559,0.00,5.99,2.99,5.99,3.22,0.00,12.09,5.10,4.35,12.09,33.89
561,0.00,5.99,2.99,5.99,2.17,0.00,14.09,5.42,4.12,14.09,35.94
563,0.00,5.99,2.99,5.99,0.74,0.00,16.09,5.61,3.66,16.09,29.07
565,0.00,5.99,2.99,5.99,2.74,0.00,18.09,6.94,5.26,18.09,27.42
567,0.00,5.99,2.99,5.99,0.00,0.00,20.09,6.70,4.02,20.09,25.54
569,0.00,11.48,5.74,11.48,0.61,0.00,22.09,7.57,4.79,22.09,24.28
571,0.00,11.80,5.90,11.80,2.61,0.00,24.09,8.90,6.39,24.09,23.42
573,0.00,11.80,5.90,11.80,2.18,0.00,26.09,9.42,6.52,26.09,24.75
575,0.00,11.80,5.90,11.80,0.00,0.00,28.09,9.36,5.62,28.09,29.28
577,0.00,9.03,4.51,9.03,1.99,0.00,30.09,10.69,7.21,30.09,27.91
579,0.00,0.00,0.00,0.00,3.99,0.00,13.49,5.83,5.09,13.49,23.30
581,4.13,0.00,2.06,4.13,5.99,0.00,0.26,2.08,3.65,5.99,28.10
583,4.29,0.00,2.14,4.29,7.99,0.00,2.26,3.42,5.25,7.99,29.98
585,3.21,0.00,1.61,3.21,9.99,0.00,0.00,3.33,5.99,9.99,55.09
587,0.00,0.00,0.00,0.00,0.00,0.00,0.00,0.00,0.00,0.00,55.76
589,0.00,0.00,0.00,0.00,0.00,0.00,0.00,0.00,0.00,0.00,46.82
591,0.00,0.00,0.00,0.00,0.00,0.00,0.00,0.00,0.00,0.00,36.08
593,0.00,0.00,0.00,0.00,0.00,0.00,0.00,0.00,0.00,0.00,32.00
595,0.00,0.00,0.00,0.00,0.82,0.00,0.00,0.27,0.49,0.82,22.49
597,0.00,0.00,0.00,0.00,0.00,0.00,0.86,0.29,0.17,0.86,13.41
599,0.00,0.00,0.00,0.00,0.00,0.00,2.86,0.95,0.57,2.86,22.60
601,0.00,5.31,2.66,5.31,0.00,0.00,4.86,1.62,0.97,4.86,32.23
603,0.00,11.13,5.57,11.13,0.00,0.00,6.86,2.29,1.37,6.86,37.68
605,0.00,11.03,5.52,11.03,0.00,0.00,8.86,2.95,1.77,8.86,38.39
607,0.00,11.03,5.52,11.03,0.00,0.00,10.86,3.62,2.17,10.86,32.20
609,0.00,11.03,5.52,11.03,0.00,0.00,12.86,4.29,2.57,12.86,25.57
611,0.00,11.03,5.52,11.03,0.00,0.00,14.86,4.95,2.97,14.86,23.42
613,0.00,11.03,5.52,11.03,0.38,0.00,16.86,5.75,3.60,16.86,27.67
615,0.00,11.03,5.52,11.03,0.50,0.00,18.86,6.46,4.07,18.86,30.12
617,0.00,11.03,5.52,11.03,0.00,0.00,20.86,6.95,4.17,20.86,33.35
619,0.00,11.03,5.52,11.03,0.00,0.00,22.86,7.62,4.57,22.86,31.11
621,0.00,11.03,5.52,11.03,0.66,0.00,24.86,8.51,5.37,24.86,24.04
623,0.00,11.03,5.52,11.03,2.66,0.00,26.86,9.84,6.97,26.86,8.26
625,3.50,11.03,7.27,11.03,4.66,0.00,28.86,11.17,8.57,28.86,8.44
627,6.05,11.03,8.54,11.03,6.66,0.00,30.86,12.51,10.17,30.86,10.07
629,11.70,11.03,11.37,11.70,8.66,0.00,32.86,13.84,11.77,32.86,18.44
631,11.68,11.03,11.36,11.68,10.66,0.00,34.86,15.17,13.37,34.86,22.21
633,11.68,11.03,11.36,11.68,12.66,0.00,36.86,16.51,14.97,36.86,21.75
635,11.68,11.03,11.36,11.68,14.66,0.00,38.86,17.84,16.57,38.86,16.80
637,11.68,11.03,11.36,11.68,16.66,0.00,40.86,19.17,18.17,40.86,8.93
639,12.64,11.03,11.84,12.64,18.66,0.00,42.86,20.51,19.77,42.86,3.14
641,17.41,11.03,14.22,17.41,20.66,0.61,44.86,22.04,21.49,44.86,0.42
643,22.28,11.03,16.66,22.28,22.66,2.61,46.86,24.04,23.49,46.86,0.00
645,22.88,11.03,16.96,22.88,24.66,4.61,48.86,26.04,25.49,48.86,0.93
647,22.88,11.03,16.96,22.88,23.17,6.61,50.86,26.88,25.40,50.86,6.02
649,22.46,11.03,16.75,22.46,25.17,8.61,52.86,28.88,27.40,52.86,15.20
651,12.32,11.03,11.68,12.32,11.20,10.61,54.86,25.56,19.81,54.86,17.56
653,0.00,11.03,5.52,11.03,13.20,12.61,56.86,27.56,21.81,56.86,28.17
655,0.00,11.03,5.52,11.03,0.00,14.61,58.86,24.49,14.69,58.86,34.04
657,0.00,11.03,5.52,11.03,0.00,16.61,60.86,25.82,15.49,60.86,31.87
659,0.00,11.03,5.52,11.03,0.00,0.00,62.86,20.95,12.57,62.86,32.68
661,0.00,11.03,5.52,11.03,0.00,0.57,64.86,21.81,13.09,64.86,37.48
663,0.00,11.03,5.52,11.03,0.00,2.57,66.86,23.14,13.89,66.86,0.00
665,0.00,11.03,5.52,11.03,0.00,0.95,68.86,23.27,13.96,68.86,0.00
667,0.00,11.03,5.52,11.03,0.00,0.00,70.86,23.62,14.17,70.86,15.74
669,0.00,11.03,5.52,11.03,0.00,0.00,72.86,24.29,14.57,72.86,21.65
671,0.00,11.03,5.52,11.03,0.00,0.00,74.86,24.95,14.97,74.86,29.95
673,0.00,11.03,5.52,11.03,0.00,0.00,76.86,25.62,15.37,76.86,37.50
675,0.00,11.03,5.52,11.03,0.00,0.00,78.86,26.29,15.77,78.86,36.24
677,0.00,11.03,5.52,11.03,0.00,0.00,80.86,26.95,16.17,80.86,28.03
679,0.00,11.03,5.52,11.03,1.31,0.00,82.86,28.06,17.36,82.86,14.68
681,0.00,11.03,5.52,11.03,3.31,0.00,84.86,29.39,18.96,84.86,13.75
683,4.35,11.03,7.69,11.03,5.31,0.00,86.86,30.73,20.56,86.86,18.03
685,4.29,18.26,11.27,18.26,7.31,0.00,88.86,32.06,22.16,88.86,21.12
687,4.29,18.00,11.14,18.00,9.31,0.00,90.86,33.39,23.76,90.86,23.31
689,4.29,18.00,11.14,18.00,11.31,0.00,92.86,34.73,25.36,92.86,20.88
691,4.29,18.00,11.14,18.00,13.31,0.00,94.86,36.06,26.96,94.86,16.63
693,4.29,18.00,11.14,18.00,15.31,0.00,96.86,37.39,28.56,96.86,12.26
695,5.61,18.00,11.81,18.00,17.31,0.00,98.86,38.73,30.16,98.86,11.57
697,10.32,14.87,12.60,14.87,19.31,0.00,100.86,40.06,31.76,100.86,12.73
699,10.20,0.00,5.10,10.20,21.31,0.00,43.95,21.76,21.58,43.95,14.40
701,10.20,0.00,5.10,10.20,23.31,0.00,45.95,23.09,23.18,45.95,16.08
703,10.20,0.00,5.10,10.20,25.31,0.00,7.61,10.97,16.71,25.31,9.24
705,10.20,0.00,5.10,10.20,27.31,0.00,0.36,9.22,16.46,27.31,9.69
707,10.20,2.37,6.28,10.20,29.31,0.00,2.36,10.56,18.06,29.31,10.87
709,10.20,5.44,7.82,10.20,31.31,0.00,4.36,11.89,19.66,31.31,18.11
711,10.20,5.40,7.80,10.20,33.31,0.00,6.36,13.22,21.26,33.31,24.48
713,10.20,5.40,7.80,10.20,35.31,0.00,8.36,14.56,22.86,35.31,27.11
715,10.20,5.40,7.80,10.20,37.31,0.00,10.36,15.89,24.46,37.31,25.28
717,10.20,5.40,7.80,10.20,39.31,0.00,12.36,17.22,26.06,39.31,22.13
719,10.20,7.95,9.08,10.20,41.31,0.00,14.36,18.56,27.66,41.31,18.53
721,10.20,12.15,11.18,12.15,43.31,0.00,16.36,19.89,29.26,43.31,16.56
723,10.20,16.32,13.26,16.32,45.31,0.00,18.36,21.22,30.86,45.31,13.94
725,11.59,18.23,14.91,18.23,47.31,0.00,20.36,22.56,32.46,47.31,13.59
727,18.80,18.23,18.51,18.80,33.75,0.00,22.36,18.70,24.72,33.75,14.33
729,21.90,18.23,20.06,21.90,35.75,0.00,24.36,20.04,26.32,35.75,14.07
731,14.14,18.23,16.18,18.23,7.24,0.33,26.36,11.31,9.68,26.36,12.76
733,0.00,18.23,9.11,18.23,9.34,2.33,28.36,13.34,11.74,28.36,8.94
735,3.84,18.23,11.03,18.23,11.34,4.33,30.36,15.34,13.74,30.36,8.35
737,16.08,18.23,17.16,18.23,13.34,6.33,32.36,17.34,15.74,32.36,10.10
739,16.86,18.23,17.55,18.23,15.34,8.33,34.36,19.34,17.74,34.36,13.60
741,16.86,18.23,17.55,18.23,17.34,10.33,36.36,21.34,19.74,36.36,12.27
743,16.86,18.23,17.55,18.23,19.34,12.33,38.36,23.34,21.74,38.36,10.94
745,16.86,18.23,17.55,18.23,21.34,14.33,40.36,25.34,23.74,40.36,14.62
747,22.35,18.16,20.26,22.35,14.67,16.33,42.36,24.45,20.54,42.36,18.90
749,23.36,6.80,15.08,23.36,16.67,18.33,32.37,22.46,20.14,32.37,25.04
751,5.53,0.00,2.77,5.53,18.67,1.08,30.63,16.79,17.54,30.63,27.96
753,0.00,0.00,0.00,0.00,9.46,3.08,0.00,4.18,6.29,9.46,28.52
755,0.00,0.00,0.00,0.00,0.00,5.08,0.00,1.69,1.02,5.08,38.04
757,0.00,0.00,0.00,0.00,0.87,0.00,0.00,0.29,0.52,0.87,32.89
759,0.00,0.00,0.00,0.00,2.87,0.00,0.00,0.96,1.72,2.87,60.00
761,0.00,0.00,0.00,0.00,4.87,0.00,0.00,1.62,2.92,4.87,60.00
763,0.00,0.00,0.00,0.00,0.00,0.00,0.00,0.00,0.00,0.00,60.00
765,0.00,0.00,0.00,0.00,0.00,0.00,0.00,0.00,0.00,0.00,60.00
767,0.00,0.00,0.00,0.00,0.00,0.00,0.00,0.00,0.00,0.00,60.00
769,0.00,0.00,0.00,0.00,0.00,0.00,0.00,0.00,0.00,0.00,60.00
771,0.00,0.00,0.00,0.00,0.00,0.00,0.00,0.00,0.00,0.00,30.13
773,0.00,0.00,0.00,0.00,0.00,0.00,0.00,0.00,0.00,0.00,34.54
775,0.00,0.00,0.00,0.00,0.00,0.00,0.00,0.00,0.00,0.00,43.50
777,0.00,0.00,0.00,0.00,0.00,0.00,0.00,0.00,0.00,0.00,51.55
779,0.00,0.00,0.00,0.00,0.00,0.00,0.00,0.00,0.00,0.00,47.70
781,0.00,0.00,0.00,0.00,0.00,0.00,0.00,0.00,0.00,0.00,42.01
783,0.00,0.00,0.00,0.00,0.00,0.00,0.00,0.00,0.00,0.00,36.81
785,0.00,0.00,0.00,0.00,0.00,1.54,0.00,0.51,0.31,1.54,32.22
787,5.81,0.00,2.90,5.81,0.00,3.54,0.00,1.18,0.71,3.54,26.44
789,10.28,0.00,5.14,10.28,2.00,5.54,0.00,2.51,2.31,5.54,23.05
791,11.91,0.00,5.95,11.91,4.00,7.54,0.00,3.85,3.91,7.54,22.98
793,13.97,0.00,6.99,13.97,6.00,9.54,0.00,5.18,5.51,9.54,19.59
795,22.01,0.00,11.00,22.01,8.00,11.54,0.00,6.51,7.11,11.54,19.79
797,24.62,0.00,12.31,24.62,10.00,13.54,0.00,7.85,8.71,13.54,21.96
799,24.03,0.00,12.02,24.03,12.00,0.00,0.00,4.00,7.20,12.00,24.24
801,0.00,0.00,0.00,0.00,10.04,1.02,0.00,3.69,6.23,10.04,14.84
803,0.00,0.00,0.00,0.00,10.25,3.02,0.00,4.42,6.75,10.25,12.42
805,6.21,0.00,3.11,6.21,12.25,5.02,0.00,5.76,8.35,12.25,18.33
807,17.53,0.00,8.77,17.53,14.25,7.02,0.00,7.09,9.95,14.25,25.21
809,17.30,0.00,8.65,17.30,16.25,9.02,0.00,8.42,11.55,16.25,29.01
811,17.30,0.00,8.65,17.30,18.25,11.02,0.00,9.76,13.15,18.25,26.77
813,17.30,0.00,8.65,17.30,20.25,13.02,0.00,11.09,14.75,20.25,25.66
815,17.30,0.00,8.65,17.30,22.25,15.02,0.00,12.42,16.35,22.25,24.13
817,20.85,0.00,10.43,20.85,14.46,17.02,0.00,10.49,12.08,17.02,25.54
819,25.19,0.00,12.59,25.19,16.46,19.02,0.00,11.83,13.68,19.02,25.83
821,27.77,0.00,13.89,27.77,18.46,5.64,0.00,8.03,12.20,18.46,21.98
823,16.76,0.00,8.38,16.76,6.43,7.64,0.00,4.69,5.39,7.64,21.48
825,5.38,0.00,2.69,5.38,8.43,9.64,0.00,6.02,6.99,9.64,20.24
827,9.89,0.00,4.94,9.89,10.43,11.64,0.00,7.36,8.59,11.64,12.78
829,25.35,0.00,12.68,25.35,12.43,13.64,1.36,9.14,10.46,13.64,12.35
831,32.07,0.00,16.04,32.07,14.43,15.64,3.36,11.14,12.46,15.64,9.68
833,41.45,0.00,20.73,41.45,16.43,17.64,5.36,13.14,14.46,17.64,7.59
835,45.17,0.00,22.59,45.17,18.43,19.64,7.36,15.14,16.46,19.64,5.31
837,51.50,0.00,25.75,51.50,20.43,21.64,9.36,17.14,18.46,21.64,5.14
839,51.96,0.00,25.98,51.96,22.43,13.16,11.36,15.65,18.36,22.43,10.69
841,58.27,0.00,29.14,58.27,19.55,15.16,13.36,16.03,17.44,19.55,14.23
843,58.72,0.00,29.36,58.72,18.84,17.16,15.36,17.12,17.81,18.84,23.80
845,40.43,0.00,20.22,40.43,8.80,19.16,17.36,15.11,12.59,19.16,24.87
847,0.00,0.00,0.00,0.00,10.80,21.16,19.36,17.11,14.59,21.16,31.87
849,0.00,0.00,0.00,0.00,12.80,19.16,0.00,10.65,11.51,19.16,31.45
851,0.00,0.00,0.00,0.00,14.80,0.97,0.00,5.26,9.08,14.80,31.92
853,0.00,0.00,0.00,0.00,11.92,2.97,0.00,4.97,7.75,11.92,25.36
855,0.00,0.00,0.00,0.00,0.00,4.97,0.00,1.66,0.99,4.97,6.72
857,2.49,0.00,1.25,2.49,0.00,6.97,0.00,2.32,1.39,6.97,0.23
859,5.75,0.00,2.87,5.75,0.00,8.97,0.00,2.99,1.79,8.97,0.00
861,5.70,0.00,2.85,5.70,0.00,10.97,0.00,3.66,2.19,10.97,0.00
863,5.70,0.00,2.85,5.70,0.00,12.97,0.00,4.32,2.59,12.97,0.00
865,5.70,0.00,2.85,5.70,0.00,14.97,0.00,4.99,2.99,14.97,0.00
867,5.70,0.00,2.85,5.70,0.00,16.97,0.00,5.66,3.39,16.97,0.00
869,5.70,0.00,2.85,5.70,0.00,18.97,0.00,6.32,3.79,18.97,25.63
871,5.70,0.00,2.85,5.70,0.00,20.97,0.00,6.99,4.19,20.97,30.20
873,5.70,0.00,2.85,5.70,0.00,22.97,0.00,7.66,4.59,22.97,31.34
875,5.70,0.00,2.85,5.70,0.00,24.97,0.00,8.32,4.99,24.97,24.15
877,5.70,0.00,2.85,5.70,0.00,26.97,0.00,8.99,5.39,26.97,14.01
879,5.70,0.00,2.85,5.70,0.00,28.97,0.00,9.66,5.79,28.97,14.16
881,6.46,0.00,3.23,6.46,1.33,30.97,0.00,10.77,6.99,30.97,18.33
883,12.59,0.00,6.29,12.59,3.33,32.97,0.00,12.10,8.59,32.97,22.77
885,12.41,0.00,6.21,12.41,5.33,34.97,0.00,13.44,10.19,34.97,26.22
887,12.41,0.00,6.21,12.41,7.33,36.97,0.00,14.77,11.79,36.97,24.31
889,12.41,0.00,6.21,12.41,9.33,38.97,0.00,16.10,13.39,38.97,21.40
891,12.41,0.00,6.21,12.41,11.33,40.97,0.00,17.44,14.99,40.97,19.96
893,16.44,0.00,8.22,16.44,13.33,42.97,0.00,18.77,16.59,42.97,19.24
895,21.28,0.00,10.64,21.28,15.33,44.97,0.00,20.10,18.19,44.97,22.69
897,24.61,0.00,12.30,24.61,17.33,46.97,0.00,21.44,19.79,46.97,23.72
899,24.16,0.00,12.08,24.16,19.33,8.61,0.00,9.31,13.32,19.33,26.66
901,1.13,0.00,0.57,1.13,6.67,10.61,0.00,5.76,6.13,10.61,27.63
903,0.00,0.00,0.00,0.00,8.67,0.00,0.00,2.89,5.20,8.67,27.06
905,0.00,0.00,0.00,0.00,5.94,0.00,1.42,2.45,3.85,5.94,28.84
907,0.00,4.28,2.14,4.28,0.00,0.00,3.42,1.14,0.68,3.42,34.99
909,0.00,5.07,2.53,5.07,0.00,0.00,5.42,1.81,1.08,5.42,35.87
911,0.00,5.07,2.53,5.07,0.00,0.00,7.42,2.47,1.48,7.42,36.93
913,0.00,5.07,2.53,5.07,0.00,0.00,9.42,3.14,1.88,9.42,32.64
915,0.00,5.07,2.53,5.07,0.00,0.00,11.42,3.81,2.28,11.42,24.51
917,0.00,10.96,5.48,10.96,1.55,0.00,13.42,4.99,3.61,13.42,15.16
919,1.60,11.32,6.46,11.32,3.55,0.00,15.42,6.32,5.21,15.42,8.42
921,4.48,11.32,7.90,11.32,5.55,0.00,17.42,7.65,6.81,17.42,8.64
923,10.88,11.32,11.10,11.32,5.23,0.00,19.42,8.21,7.02,19.42,11.75
925,16.73,11.32,14.02,16.73,7.23,0.00,21.42,9.55,8.62,21.42,17.65
927,16.48,11.32,13.90,16.48,9.23,0.00,23.42,10.88,10.22,23.42,25.81
929,6.09,11.32,8.71,11.32,11.23,0.00,25.42,12.21,11.82,25.42,25.47
931,0.00,11.32,5.66,11.32,8.91,0.00,27.42,12.11,10.83,27.42,22.23
933,0.00,11.32,5.66,11.32,0.00,0.00,29.42,9.81,5.88,29.42,15.83
935,0.00,15.65,7.83,15.65,0.00,0.00,31.42,10.47,6.28,31.42,11.90
937,0.00,19.24,9.62,19.24,0.00,0.00,33.42,11.14,6.68,33.42,7.95
939,0.00,25.01,12.50,25.01,0.34,0.00,35.42,11.92,7.29,35.42,10.26
941,0.00,24.87,12.44,24.87,2.34,0.00,37.42,13.25,8.89,37.42,13.81
943,0.00,24.87,12.44,24.87,0.00,0.00,39.42,13.14,7.88,39.42,19.45
945,0.00,24.87,12.44,24.87,0.00,0.00,41.42,13.81,8.28,41.42,22.00
947,0.00,24.87,12.44,24.87,0.00,0.00,43.42,14.47,8.68,43.42,21.12
949,0.00,24.87,12.44,24.87,0.00,0.00,45.42,15.14,9.08,45.42,20.60
951,0.00,24.87,12.44,24.87,0.00,0.00,47.42,15.81,9.48,47.42,15.98
953,0.58,24.87,12.73,24.87,0.00,1.36,49.42,16.93,10.16,49.42,12.29
955,5.23,24.87,15.05,24.87,1.95,3.36,51.42,18.91,12.12,51.42,9.88
957,11.19,24.87,18.03,24.87,3.95,5.36,53.42,20.91,14.12,53.42,6.25
959,10.95,24.87,17.91,24.87,5.95,7.36,55.42,22.91,16.12,55.42,6.51
961,18.91,24.87,21.89,24.87,7.95,9.36,57.42,24.91,18.12,57.42,8.76
963,28.28,24.87,26.58,28.28,9.95,11.36,59.42,26.91,20.12,59.42,10.44
965,29.35,24.87,27.11,29.35,11.95,13.36,61.42,28.91,22.12,61.42,11.40
967,29.35,24.87,27.11,29.35,13.95,15.36,63.42,30.91,24.12,63.42,12.32
969,25.95,24.87,25.41,25.95,15.95,0.00,65.42,27.12,22.65,65.42,12.42
971,0.00,24.87,12.44,24.87,15.28,0.39,67.42,27.70,22.73,67.42,7.19
973,0.00,24.87,12.44,24.87,13.00,2.39,69.42,28.27,22.16,69.42,5.31
975,0.56,24.87,12.71,24.87,15.00,4.39,71.42,30.27,24.16,71.42,0.64
977,15.26,24.87,20.07,24.87,17.00,6.39,73.42,32.27,26.16,73.42,0.14
979,16.57,24.87,20.72,24.87,19.00,8.39,75.42,34.27,28.16,75.42,0.00
981,16.45,24.87,20.66,24.87,21.00,10.39,77.42,36.27,30.16,77.42,4.65
983,16.45,24.87,20.66,24.87,23.00,12.39,79.42,38.27,32.16,79.42,6.25
985,16.45,24.87,20.66,24.87,25.00,14.39,81.42,40.27,34.16,81.42,12.29
987,16.45,24.87,20.66,24.87,27.00,16.39,83.42,42.27,36.16,83.42,17.36
989,16.45,24.31,20.38,24.31,29.00,18.39,132.80,60.06,47.64,132.80,20.19
991,16.45,0.00,8.23,16.45,31.00,20.39,93.60,48.33,41.40,93.60,21.47
993,16.45,0.00,8.23,16.45,33.00,22.39,,,,,20.38
995,21.86,4.99,13.43,21.86,35.00,24.39,,,,,20.08
997,21.60,5.68,13.64,21.60,24.51,26.39,,,,,22.23
999,27.19,5.68,16.43,27.19,26.51,28.39,,,,,21.98
1001,26.24,5.68,15.96,26.24,28.51,,,,,,20.74
1001,26.24,5.68,15.96,26.24,28.51,,,,,,20.74
